20181128|MPAM|1334
ONEAM|SSF|483531792.4|150.9|150.9|150.9|150.9|150.9|20120110|
ONEAM|1AMGBF|1200129062.26|12.0077|12.0142|12.0077|12.0077|12.0142|20110805|
ONEAM|1AMGFF|3715039525.54|11.4338|11.4339|11.4338|11.4338|11.4339|20110805|
ONEAM|FCF|323545057.5|15.8946|0|15.8946|15.8946|0|20180928|
ONEAM|ONE-ENHANCED3M3|262463618.47|10.2641|10.2642|10.2641|10.2641|10.2642|20181009|
ONEAM|1SMART-LTF|77222037.26|10.7422|0|10.7153|10.7153|0|20181030|
MFC|TPF|73142919.38|902.0079|902.0079|902.0079|0|0|20181029|
TFUND|T-FixFIF1Y26|417191279.12|10.0272|||||20181031|
TFUND|T-Fixed3YR12|2281695004.14|10.0483|||||20181031|
TFUND|T-FixFIF1Y24|845439595.59|10.0477|||||20181031|
TFUND|T-Fixed3YR2AI|925036828.15|10.8882|||||20181031|
TFUND|T-FixFIF1Y20|1871180276.9|10.0699|||||20181031|
TFUND|T-FixFIF1Y22|1715389799.84|10.05|||||20181031|
TFUND|TFixed4Y10M1AI|3499214629.94|9.9503|||||20181031|
TFUND|T-FixFIF1Y23|672971614.96|10.0478|||||20181031|
TFUND|TFixed2Y1AI|735789710.8|10.0098|||||20181031|
TFUND|T-Fixed3YR8|1029659482.58|10.6921|||||20181031|
TFUND|T-Fixed3YR13|2558572331.79|10.0275|||||20181031|
TFUND|TFIX-3M#4|118921374.91|12.9401|||||20181031|
TFUND|T-Fixed3YR11|1340332984.29|10.3481|||||20181031|
TFUND|T-FixFIF6M19|904811780.04|10.0326|||||20181031|
TFUND|T-Fixed3YR3AI|655963019.52|10.8243|||||20181031|
TFUND|TFIX-3M#5|71550210.69|12.9155|||||20181031|
TFUND|T-FixFIF1Y21|987777808.76|10.0574|||||20181031|
TFUND|T-Fixed3YR14|837993098.28|10.0371|||||20181031|
TFUND|T-Fixed3YR7|1397500442.79|10.7649|||||20181031|
TFUND|TFixLT|215960079.15|10.0039|||||20181031|
TFUND|T-FixFIF1Y25|1827183914.82|10.0436|||||20181031|
TFUND|T-Fixed3YR4AI|217257125.33|10.8245|||||20181031|
MFC|MGOV8M1|1568802317.73|10.0049|10.005|10.0049|10.0049|10.005|20181031|
MFC|MSI19|1140358264.72|10.7636|10.7637|10.7636|10.7636|10.7637|20181031|
MFC|MSI20|439853966.56|10.7597|10.7598|10.7597|10.7597|10.7598|20181031|
MFC|MSI22|1309110325.22|10.6231|10.6232|10.6231|10.6231|10.6232|20181031|
MFC|MSI25|561721540.44|10.3923|10.3924|10.3923|10.3923|10.3924|20181031|
MFC|MK6S39|441460664.95|10.0392|10.0393|10.0392|10.0392|10.0393|20181031|
MFC|MSI21|1011382726.16|10.7178|10.7179|10.7178|10.7178|10.7179|20181105|
TFUND|TGOV3M1|64307411.88|13.0347|13.0348|13.0347|13.0347|13.0348|20181107|
TFUND|TFIX-3M#2|524486217.22|13.0823|13.0824|13.0823|13.0823|13.0824|20181115|
ONEAM|ONE-PROP|2383066708.5|27.2148|0|27.1468|27.1468|0|20181116|
MFC|MK3S3|1000000000|10|10|10|10|10|20181119|
MFC|MSI27|735920265.4|10.0187|10.0188|10.0187|10.0187|10.0188|20181119|
TFUND|T-Fixed3YR10|840655153.48|10.5158||10.5158|10.5158||20181119|
TFUND|TFIX-3M#3|236141081.91|13.0679|13.068|13.0679|13.0679|13.068|20181120|
MFC|MSI26|757118133.7|10.389|10.3891|10.389|10.389|10.3891|20181120|
ONEAM|ONE-FIN3Y|820555412.44|10.682|0|10.682|10.682|0|20181122|
MFC|M-CR|42314468.6|12.4085|12.4086|12.4085|12.4085|12.4086|20181123|
TFUND|T-FixFIF(I)|4512516193.94|13.9923|13.9924|13.9923|13.9923|13.9924|20181123|
TFUND|T-Fixed3YR9|1064101748|10.6527||10.6527|10.6527||20181126|
ONEAM|ONE-FIN3Y2|294042981.12|10.4843|0|10.4843|10.4843|0|20181126|
ONEAM|ONE-STOXXASEAN|233896124.51|90.5298|91.6615|90.5298|90.5298|91.6615|20181127|
MFC|G-PREMIUM|5659754380.11|14.1493|14.1494|14.1493|14.1493|14.1494|20181123|
MFC|MGE|467161858.87|9.4437|9.5855|9.3493|9.4437|9.5855|20181123|
BBLAM|B-ACTIVE|416889218.26|22.3509|22.351|22.1274|22.1274|22.351|20181128|
BBLAM|B-ASEAN|450425201.59|10.0002|10.1003|10.0002|10.0002|10.1003|20181128|
BBLAM|B-ASEANRMF|743211737.37|9.1156|9.1157|9.1156|9.1156|9.1157|20181128|
BBLAM|B-ASIA|2631107670.64|11.2916|11.4046|11.2916|11.2916|11.4046|20181127|
BBLAM|B-ASIARMF|41666805.25|9.9371|9.9372|9.9371|9.9371|9.9372|20181127|
BBLAM|B-BHARATA|1506716305.19|8.5703|8.6561|8.5703|8.5703|8.6561|20181127|
BBLAM|B-CHINE-EQ|2835663089.02|7.504|7.5791|7.504|7.504|7.5791|20181127|
BBLAM|B-FLEX|1646948617.77|18.9663|18.9664|18.9189|18.9189|18.9664|20181128|
BBLAM|B-FUTURE|619620484.41|8.9132|9.0024|8.9132|8.9132|9.0024|20181126|
BBLAM|B-GLOBAL|740864213.89|10.8419|10.9504|10.8419|10.8419|10.9504|20181126|
BBLAM|B-GLOBALRMF|678279026.76|10.3587|10.3588|10.3587|10.3587|10.3588|20181126|
BBLAM|B-HY (H75) AI|585081833.59|10.6178|10.6709|10.6178|10.6178|10.6709|20181126|
BBLAM|B-HY (UH) AI|218645679.23|10.2866|10.3381|10.2866|10.2866|10.3381|20181126|
BBLAM|B-INCOME|6303282554.18|10.3443|10.3961|10.3443|10.3443|10.3961|20181126|
BBLAM|B-INDIAMRMF|819388609.8|8.478|8.4781|8.478|8.478|8.4781|20181127|
BBLAM|B-INFRA|3189738562.5|31.5665|31.5666|31.2509|31.2509|31.5666|20181128|
BBLAM|B-INNOTECH|3202850453.21|11.5538|11.6694|11.5538|11.5538|11.6694|20181126|
BBLAM|B-INNOTECHRMF|220558901.09|9.9672|9.9673|9.9672|9.9672|9.9673|20181126|
BBLAM|B-LTF|61741693784.4|41.7499|41.75|41.7499|41.7499|41.75|20181128|
BBLAM|B-NIPPON|1202114468.87|11.435|11.4351|11.3207|11.3207|11.4351|20181127|
BBLAM|B-SENIOR|23427523692.95|12.1065||12.1065|12.1065||20181128|
BBLAM|B-SENIOR-X|17150046148.5|9.7365|9.7366|9.7365|9.7365|9.7366|20181126|
BBLAM|B-SM-RMF|1387744580.47|11.9507|11.9508|11.9507|11.9507|11.9508|20181128|
BBLAM|B-THAICG|489251154.39|9.4819|9.482|9.3871|9.3871|9.482|20181128|
BBLAM|B-TOPTENRMF|2010124444.9|9.1427|9.1428|9.1427|9.1427|9.1428|20181128|
BBLAM|B-TREASURY|20965464070.78|11.0163|11.0164|11.0163|11.0163|11.0164|20181128|
BBLAM|B25RMF|3710609453.59|14.9148|14.9149|14.9148|14.9148|14.9149|20181128|
BBLAM|BBASIC|2799395756.94|22.217|22.2171|21.9949|21.9949|22.2171|20181128|
BBLAM|BBASICDLTF|8708052880.68|9.0244|9.0245|9.0244|9.0244|9.0245|20181128|
BBLAM|BBASICRMF|3287881510.08|11.4895|11.4896|11.4895|11.4895|11.4896|20181128|
BBLAM|BCAP|1470601159.84|3.558|3.5581|3.558|3.558|3.5581|20181128|
BBLAM|BCARE|3585503810.36|28.7437|28.7438|28.4563|28.4563|28.7438|20181126|
BBLAM|BCARERMF|3725058856.69|10.7957|10.7958|10.7957|10.7957|10.7958|20181126|
BBLAM|BERMF|12619046280.77|98.1262|98.1263|98.1262|98.1262|98.1263|20181128|
BBLAM|BFIXED|68622786652.58|12.0512|12.0513|12.0512|12.0512|12.0513|20181128|
BBLAM|BFLRMF|21164917535.42|63.6093|63.6094|63.6093|63.6093|63.6094|20181128|
BBLAM|BFRMF|7971495512.72|14.5247|14.5248|14.5247|14.5247|14.5248|20181128|
BBLAM|BGOLD|941004752.94|9.5011|9.5126|9.4897|9.4897|9.5126|20181128|
BBLAM|BGOLDRMF|1065772098.2|9.2523|9.2524|9.2523|9.2523|9.2524|20181128|
BBLAM|BKA|10062390301.8|42.7876|42.7877|42.3598|42.3598|42.7877|20181128|
BBLAM|BKA2|1058327524.5|35.8126|35.8127|35.4545|35.4545|35.8127|20181128|
BBLAM|BKD|5102451397.61|4.0586|4.0587|4.0181|4.0181|4.0587|20181128|
BBLAM|BKIND|700285085.99|10.61|10.6101|10.5039|10.5039|10.6101|20181128|
BBLAM|BLTF75|35408095029.13|29.5649|29.565|29.5649|29.5649|29.565|20181128|
BBLAM|BSIRICG|5460521959.47|8.3062|8.3063|8.2232|8.2232|8.3063|20181128|
BBLAM|BSIRIRMF|3912362529.3|10.7512|10.7513|10.7512|10.7512|10.7513|20181128|
BBLAM|BTK|901491466.88|17.365|17.3651|17.1914|17.1914|17.3651|20181128|
BBLAM|B-TNTV|103833003206.24|13.1328|13.1329|13.1328|13.1328|13.1329|20181128|
BBLAM|BTP|13308869919.19|48.5479|48.548|48.0625|48.0625|48.548|20181128|
BBLAM|IN-RMF|6719490438.42|26.6691|26.6692|26.6691|26.6691|26.6692|20181128|
BBLAM|MM-RMF|1867251231.36|11.4805|11.4806|11.4805|11.4805|11.4806|20181128|
BBLAM|B-Fixterm 1/18|1152850471.85|10.0177|||||20181128|
BBLAM|B-Fixterm2/18|1469930552.67|10.0109|||||20181128|
BBLAM|B-Fixterm3/18|2336982159.18|10.0088|||||20181128|
BBLAM|B-Fixterm4/18|1607229117.73|10.0066|||||20181128|
BBLAM|B-Fixterm5/18|1408659364.98|10.0046|||||20181128|
BBLAM|BP12/18|1909393827.5|10.0863|||||20181128|
BBLAM|BP13/18|4138932579.92|10.0898|||||20181128|
BBLAM|BP14/18|3563400140.82|10.0819|||||20181128|
BBLAM|BP15/18|1743710294.93|10.0742|||||20181128|
BBLAM|BP16/18|5955012518.45|10.0698|||||20181128|
BBLAM|BP17/18|3136424934.07|10.0639|||||20181128|
BBLAM|BP18/18|2786067107.76|10.0618|||||20181128|
BBLAM|BP19/18|2693770190.89|10.0649|||||20181128|
BBLAM|BP20/18|4223425070.2|10.0622|||||20181128|
BBLAM|BP21/18|1778767492.18|10.0524|||||20181128|
BBLAM|BP22/18|8624820496.23|10.0526|||||20181128|
BBLAM|BP23/18|5378001166.63|10.0542|||||20181128|
BBLAM|BP24/18|5342595367.79|10.0517|||||20181128|
BBLAM|BP25/18|5020644803.82|10.0418|||||20181128|
BBLAM|BP26/18|1576928926.95|10.041|||||20181128|
BBLAM|BP27/18|7213688222.6|10.0407|||||20181128|
BBLAM|BP28/18|3727487492.65|10.0413|||||20181128|
BBLAM|BP29/18|2754058915.84|10.0335|||||20181128|
BBLAM|BP30/18|2855582646.58|10.0286|||||20181128|
BBLAM|BP31/18|3372652155.99|10.0173|||||20181128|
BBLAM|BP32/18|2387896312.69|10.019|||||20181128|
BBLAM|BP33/18|709843619.2|10.0159|||||20181128|
ASSETFUND|ASP-CHINA|256522703.53|9.6856|9.831|9.6856|9.6856|9.831|20181126|
ASSETFUND|ASP-EUROPE VALUE|210932800.26|11.1737|11.3414|11.1737|11.1737|11.3414|20181126|
ASSETFUND|ASP-NGF|309373970.12|9.6674|9.8608|9.6674|9.6674|9.8608|20181126|
ASSETFUND|ASP-ASIAN|277581512.84|11.0339|11.1995|11.0339|11.0339|11.1995|20181127|
ASSETFUND|ASP-BRIC|22555287.58|6.4168|6.5452|6.4168|6.4168|6.5452|20181127|
ASSETFUND|ASP-DISRUPT|1073543731.55|8.9532|9.0652|8.9532|8.9532|9.0652|20181127|
ASSETFUND|ASP-DISRUPTRMF|3305025.09|8.2612|8.2613|8.2612|8.2612|8.2613|20181127|
ASSETFUND|ASP-EUPROP|62958328.75|10.3051|10.4598|10.3051|10.3051|10.4598|20181127|
ASSETFUND|ASP-EVOCHINA|81580471.83|9.8485|9.8486|9.8485|9.8485|9.8486|20181127|
ASSETFUND|ASP-FFPLUSA|5893164.17|8.4405|8.4406|8.4405|8.4405|8.4406|20181127|
ASSETFUND|ASP-FFPLUSR|88605977.75|8.4397|8.4398|8.4397|8.4397|8.4398|20181127|
ASSETFUND|ASP-GAF|11801344.16|9.73|9.8274|9.73|9.73|9.8274|20181127|
ASSETFUND|ASP-GCOM 1|214460968.58|8.1652|||||20181127|
ASSETFUND|ASPGIPLUS-A|314962308.27|9.7792|9.8316|9.7792|9.7792|9.8316|20181127|
ASSETFUND|ASPGIPLUS-R|195372807.81|9.7773|9.8297|9.7773|9.7773|9.8297|20181127|
ASSETFUND|ASP-INDIA|29734794.59|10.2245|10.3268|10.2245|10.2245|10.3268|20181127|
ASSETFUND|ASP-OIL|16539820.52|3.3618|3.3703|3.3618|3.3618|3.3703|20181127|
ASSETFUND|ASP-ROBOT|1812118003.11|9.1446|9.259|9.1446|9.1446|9.259|20181127|
ASSETFUND|ASP-ROBOTRMF|108236251.58|8.154|8.1541|8.154|8.154|8.1541|20181127|
ASSETFUND|ASP-S&P500|295017571.57|29.796|29.8706|29.796|29.796|29.8706|20181127|
ASSETFUND|ASP-STARS9|28287157.31|8.4867||8.4867|8.4867||20181127|
ASSETFUND|ASP-STRATEGIC|76708265.81|8.1419|8.1624|8.1215|8.1215|8.1624|20181127|
ASSETFUND|ASP-VIET|2501494962.48|7.6739|7.7891|||7.7891|20181127|
ASSETFUND|ASP-VIETRMF|3453518.64|9.5888|9.5889|||9.5889|20181127|
ASSETFUND|ASP|1950836206.73|16.5012|16.5013|16.5012|16.5012|16.5013|20181128|
ASSETFUND|ASP2|68309570.51|13.8377|13.8378|||13.8378|20181128|
ASSETFUND|ASP-AIF1|359340733.9|10.5944|||||20181128|
ASSETFUND|ASP-AITF3Y3|908744722.23|11.0685|||||20181128|
ASSETFUND|ASP-AITF5Y1|406003361.88|11.5809|||||20181128|
ASSETFUND|ASP-DPLUS|9322499493.91|10.3339|10.334|10.3339|10.3339|10.334|20181128|
ASSETFUND|ASP-ERF|187982619.53|26.2969|26.297|26.2969|26.2969|26.297|20181128|
ASSETFUND|ASP-FLEXPLUS|642743049.19|9.4756|9.5705|9.4756|9.4756|9.5705|20181128|
ASSETFUND|ASP-FRF|45509969.17|14.5|14.5001|14.5|14.5|14.5001|20181128|
ASSETFUND|ASP-GDF|27545492.8|10.8114|10.8115|10.8114|10.8114|10.8115|20181128|
ASSETFUND|ASP-GLTF|200383902.97|23.009|23.0091|23.009|23.009|23.0091|20181128|
ASSETFUND|ASP-GOLD|76626041.2|11.2516|11.2798|11.2516|11.2516|11.2798|20181128|
ASSETFUND|ASP-HSI|27623809.53|15.6249|15.6641|15.6249|15.6249|15.6641|20181128|
ASSETFUND|ASP-LTF|242207572.77|16.0504|16.0505|16.0504|16.0504|16.0505|20181128|
ASSETFUND|ASP-MRF|202666357.42|26.6438|26.6439|26.6438|26.6438|26.6439|20181128|
ASSETFUND|ASP-NKY225|19346093.53|12.2849|12.3771|12.2849|12.2849|12.3771|20181128|
ASSETFUND|ASP-PRIME4|18220361.02|7.7936||7.7936|7.7936||20181128|
ASSETFUND|ASP-SME|790508037.08|10.0253|10.1257|10.0253|10.0253|10.1257|20181128|
ASSETFUND|ASP-SMELTF|85138375.7|8.502|8.5021|8.502|8.502|8.5021|20181128|
ASSETFUND|ASP-TFIXED 6M1|577822661.06|10.0509|||||20181128|
ASSETFUND|ASP-TFIXED2|199346335.94|11.9774|11.9775|11.9774|11.9774|11.9775|20181128|
ASSETFUND|ASP-TFIXED3|358799928.2|12.0286|||||20181128|
ASSETFUND|ASP-TFIXED5|1119230733.6|12.6456|||||20181128|
ASSETFUND|ASP-TFIXED9|153034580.87|11.9505|||||20181128|
ASSETFUND|ASP-THEQ|102240668.78|10.5419|10.6474|10.5419|10.5419|10.6474|20181128|
SCBAM|SCB2566|22023113.16|10.8399|10.898|10.8399|10.8399|10.898|20181128|
SCBAM|SCB2576|58431744.2|11.1707|11.2306|11.1707|11.1707|11.2306|20181128|
SCBAM|SCB2586|29406494.79|11.2184|11.2785|11.2184|11.2184|11.2785|20181128|
SCBAM|SCBABS|8928765.67|9.7143|9.8703|9.7143|9.7143|9.8703|20181128|
SCBAM|SCBAEM|3044188085.76|10.4801|10.5923|10.4801|10.4801|10.5923|20181127|
SCBAM|SCBAEMHA|5254091013.37|8.4078|8.4979|8.4078|8.4078|8.4979|20181127|
SCBAM|SCBAF1YA2|4249862067.42|10.0803|||||20181128|
SCBAM|SCBAF1YA3|531072387.74|10.0711|||||20181128|
SCBAM|SCBAI6M54|716208795.67|10.0793|||||20181128|
SCBAM|SCBAI6M55|514613843.06|10.0718|||||20181128|
SCBAM|SCBAI6M56|551670447.74|10.0583|||||20181128|
SCBAM|SCBAI6M57|510421266.5|10.0574|||||20181128|
SCBAM|SCBAI6M58|521069874.71|10.0401|||||20181128|
SCBAM|SCBAI6M59|498281477.73|10.0317|||||20181128|
SCBAM|SCBAI6M60|480116333.34|10.024|||||20181128|
SCBAM|SCBAI6M61|495248134.13|10.0177|||||20181128|
SCBAM|SCBAPLUS|4267606898.51|10.217|10.3811|10.217|10.217|10.3811|20181127|
SCBAM|SCBAPLUSA|197735049.64|10.2173|10.3814|10.2173|10.2173|10.3814|20181127|
SCBAM|SCBAUD|65070269.94|10.3751|10.4307|10.3751|10.3751|10.4307|20181128|
SCBAM|SCBBANKING|2638023503.01|11.763|11.8313|11.7536|11.7536|11.8313|20181128|
SCBAM|SCBBANKINGA|53469071.03|11.7635|11.8318|11.7541|11.7541|11.8318|20181128|
SCBAM|SCBBANKINGP|0|11.7631|11.7726|11.7537|11.7537|11.7726|20181128|
SCBAM|SCBBLN|420259777.3|11.1836|11.3721|11.1747|11.1747|11.3721|20181127|
SCBAM|SCBCE|426971404.34|8.6853|8.7357|8.6784|8.6784|8.7357|20181128|
SCBAM|SCBCEH|2431563680.75|10.9042|10.9675|10.8955|10.8955|10.9675|20181128|
SCBAM|SCBCEHP|0|10.9042|10.913|10.8955|10.8955|10.913|20181128|
SCBAM|SCBCEP|0|8.6853|8.6923|8.6784|8.6784|8.6923|20181128|
SCBAM|SCBCHA|1857790202.58|7.8956|7.9415|7.8893|7.8893|7.9415|20181128|
SCBAM|SCBCHAP|0|7.8956|7.902|7.8893|7.8893|7.902|20181128|
SCBAM|SCBCHEQA|703088026.15|7.5097|7.6303|7.5097|7.5097|7.6303|20181127|
SCBAM|SCBCOMP|12319305.25|5.0093|5.0362|5.0093|5.0093|5.0362|20181126|
SCBAM|SCBDA|131600514.27|9.1405|9.232|9.1405|9.1405|9.232|20181128|
SCBAM|SCBDAP|0|9.1405|9.1406|9.1405|9.1405|9.1406|20181128|
SCBAM|SCBDIGI|2231639938.56|13.0954|13.3057|13.0954|13.0954|13.3057|20181126|
SCBAM|SCBDV|7993568839.37|10.6314|10.6884|10.6314|10.6314|10.6884|20181128|
SCBAM|SCBDVP|0|10.6314|10.6315|10.6314|10.6314|10.6315|20181128|
SCBAM|SCBEMBOND|111179256.28|7.8795|7.9218|7.8795|7.8795|7.9218|20181127|
SCBAM|SCBEMEQ|1197766581.13|8.3821|8.427|8.3821|8.3821|8.427|20181126|
SCBAM|SCBENERGY|486004034.31|10.5584|10.6197|10.55|10.55|10.6197|20181128|
SCBAM|SCBENERGYP|0|10.5584|10.5669|10.55|10.55|10.5669|20181128|
SCBAM|SCBEUEQ|1227034324.32|10.7037|10.7627|10.6983|10.6983|10.7627|20181127|
SCBAM|SCBEUEQP|0|10.7037|10.7092|10.6983|10.6983|10.7092|20181127|
SCBAM|SCBEUSM|724510714.22|10.9166|11.0919|10.9166|10.9166|11.0919|20181127|
SCBAM|SCBEUSMP|0|10.9166|10.9167|10.9166|10.9166|10.9167|20181127|
SCBAM|SCBFF1YH4|1205484165.79|10.0829|||||20181128|
SCBAM|SCBFF1YH5|2762350267.49|10.0834|||||20181128|
SCBAM|SCBFF1YH6|2780603098.63|10.0758|||||20181128|
SCBAM|SCBFF1YH7|3266773712.98|10.0759|||||20181128|
SCBAM|SCBFF1YH8|2569210461.64|10.0762|||||20181128|
SCBAM|SCBFF1YH9|4688206268.38|10.0763|||||20181128|
SCBAM|SCBFF1YI1|3684181141.81|10.0676|||||20181128|
SCBAM|SCBFF1YI2|2014798771.16|10.064|||||20181128|
SCBAM|SCBFF1YI3|3303647790.54|10.0564|||||20181128|
SCBAM|SCBFF1YI4|448420450.9|10.0607|||||20181128|
SCBAM|SCBFF1YI5|596534707.77|10.0511|||||20181128|
SCBAM|SCBFF1YI6|1723678514.31|10.0522|||||20181128|
SCBAM|SCBFF1YI7|1235688901.68|10.0655|||||20181128|
SCBAM|SCBFF1YI8|3887672507.07|10.0644|||||20181128|
SCBAM|SCBFF1YI9|12269675399.92|10.0786|||||20181128|
SCBAM|SCBFF1YJ1|2930170102.57|10.0684|||||20181128|
SCBAM|SCBFF1YJ2|4192095561.24|10.0683|||||20181128|
SCBAM|SCBFF1YJ3|2596288378.91|10.0454|||||20181128|
SCBAM|SCBFF1YJ4|1254524302.12|10.0534|||||20181128|
SCBAM|SCBFF1YJ5|2010695935.1|10.0508|||||20181128|
SCBAM|SCBFF1YJ6|3158375279.56|10.0643|||||20181128|
SCBAM|SCBFF1YJ7|3493409322.23|10.056|||||20181128|
SCBAM|SCBFF1YJ8|1714424638.63|10.0545|||||20181128|
SCBAM|SCBFF1YJ9|4145282185.57|10.0423|||||20181128|
SCBAM|SCBFF1YK1|4251638090.66|10.0403|||||20181128|
SCBAM|SCBFF1YK2|1007168582.2|10.0269|||||20181128|
SCBAM|SCBFF1YK3|1079053282.33|10.0189|||||20181128|
SCBAM|SCBFF1YK4|754683304.53|10.0053|||||20181128|
SCBAM|SCBFF1YK5|690536150.97|10.0037|||||20181128|
SCBAM|SCBFF1YK6|578033328|10.0053|||||20181128|
SCBAM|SCBFF1YK7|808373620.16|10.007|||||20181128|
SCBAM|SCBFF1YK8|605550301.55|10.0009|||||20181128|
SCBAM|SCBFF3MC6|1882595121.21|10.0182|||||20181128|
SCBAM|SCBFF3MC7|3134848614.23|10.0128|||||20181128|
SCBAM|SCBFF3MC8|3188647959.98|10.0043|||||20181128|
SCBAM|SCBFF3MC9|1531587178.26|10.004|||||20181128|
SCBAM|SCBFF3MD1|2806617916.89|10.0008|||||20181128|
SCBAM|SCBFF6MI3|2827864144.11|10.0628||10.0628|||20181128|
SCBAM|SCBFF6MI4|3049941913.5|10.059|||||20181128|
SCBAM|SCBFF6MI5|1176757699.33|10.0381|||||20181128|
SCBAM|SCBFF6MI7|1913513452.37|10.0396|||||20181128|
SCBAM|SCBFF6MI8|8413214670.69|10.0619|||||20181128|
SCBAM|SCBFF6MI9|2816603700.71|10.0327|||||20181128|
SCBAM|SCBFF6MJ1|505460613.34|10.036|||||20181128|
SCBAM|SCBFF6MJ2|2026315826.26|10.0488|||||20181128|
SCBAM|SCBFF6MJ3|1138134983.86|10.0363|||||20181128|
SCBAM|SCBFF6MJ4|1730019529.4|10.019|||||20181128|
SCBAM|SCBFF6MJ5|3595460520.08|10.0327|||||20181128|
SCBAM|SCBFF6MJ6|2817839937.1|10.0311|||||20181128|
SCBAM|SCBFF6MJ7|3095650218.02|10.0233|||||20181128|
SCBAM|SCBFF6MJ8|3502294014.46|10.0262|||||20181128|
SCBAM|SCBFF6MJ9|2407666071.18|10.0292|||||20181128|
SCBAM|SCBFF6MK1|1024594748|10.0235|||||20181128|
SCBAM|SCBFF6MK2|2323845577.58|10.0163|||||20181128|
SCBAM|SCBFF6MK3|1231386763.77|10.0132|||||20181128|
SCBAM|SCBFF6MK4|2250978295.36|10.011|||||20181128|
SCBAM|SCBFI3Y5|5143219028.03|10.4663|||||20181128|
SCBAM|SCBFI6MB2|3601477194.73|10.0612|||||20181128|
SCBAM|SCBFI6MB3|2757220157.38|10.0561|||||20181128|
SCBAM|SCBFI6MB4|2090296830.2|10.046|||||20181128|
SCBAM|SCBFI6MB5|1213615381.81|10.0492|||||20181128|
SCBAM|SCBFI6MB6|1729106223.61|10.0417|||||20181128|
SCBAM|SCBFI6MB7|2495007995.74|10.0561|||||20181128|
SCBAM|SCBFINA|774313741.36|9.7406|9.8189|9.7406|9.7406|9.8189|20181127|
SCBAM|SCBFINR|23110303.51|9.7406|9.8189|9.7406|9.7406|9.8189|20181127|
SCBAM|SCBFIXEDA|1278063492.07|10.0581|10.0582|10.0581|10.0581|10.0582|20181128|
SCBAM|SCBFLX|371941858.25|11.0447|11.1039|11.0447|11.0447|11.1039|20181128|
SCBAM|SCBFP|52530479204.15|12.214|12.2141|12.214|12.214|12.2141|20181128|
SCBAM|SCBFPP|91253573.1|12.2745|12.2746|12.2745|12.2745|12.2746|20181128|
SCBAM|SCBFST|654513886.82|9.4225|9.473|9.4225|9.4225|9.473|20181128|
SCBAM|SCBGEARA|214658422.99|9.6025|9.7567|9.6025|9.6025|9.7567|20181126|
SCBAM|SCBGEQ|687729819.88|13.8198|13.8938|13.8198|13.8198|13.8938|20181126|
SCBAM|SCBGEQA|10972700.45|13.9884|14.0633|13.9884|13.9884|14.0633|20181126|
SCBAM|SCBGHC|1316604888.87|9.7247|9.8809|9.7247|9.7247|9.8809|20181126|
SCBAM|SCBGHCP|0|9.7247|9.7248|9.7247|9.7247|9.7248|20181126|
SCBAM|SCBGIF|415566528.83|10.8869|11.0617|10.8869|10.8869|11.0617|20181127|
SCBAM|SCBGINA|420627631.58|9.5131|9.6659|9.5131|9.5131|9.6659|20181127|
SCBAM|SCBGINR|12348084559.04|9.5128|9.6656|9.5128|9.5128|9.6656|20181127|
SCBAM|SCBGLOB|8684424.38|9.8037|9.8563|9.8037|9.8037|9.8563|20181126|
SCBAM|SCBGLOW|28695203.13|11.2767|11.3371|11.2767|11.2767|11.3371|20181126|
SCBAM|SCBGLOWP|22221975.76|10.4916|10.5478|10.4916|10.4916|10.5478|20181126|
SCBAM|SCBGMTA|324893008.71|8.561|||||20181126|
SCBAM|SCBGOLD|335426031.39|6.9757|7.0236|6.9652|6.9652|7.0236|20181128|
SCBAM|SCBGOLDH|1006296322.45|6.7045|6.7506|6.6944|6.6944|6.7506|20181128|
SCBAM|SCBGOLDHRMF|726101751.26|6.8779|6.878|6.8779|6.8779|6.878|20181128|
SCBAM|SCBGPLUS|9858760011.39|10.8321|11.0061|10.8321|10.8321|11.0061|20181127|
SCBAM|SCBGPROP|155842444.01|9.7654|9.9222|9.7654|9.7654|9.9222|20181127|
SCBAM|SCBGSIF|363929590.2|12.3216|12.3876|12.3216|12.3216|12.3876|20181126|
SCBAM|SCBGSIFR|4569459.08|12.3237|12.3897|12.3237|12.3237|12.3897|20181126|
SCBAM|SCBINCA|3031964060.75|9.8427|9.9481|9.8427|9.8427|9.9481|20181127|
SCBAM|SCBINCR|100474801.28|9.8426|9.948|9.8426|9.8426|9.948|20181127|
SCBAM|SCBINDIA|429584793.77|10.5844|10.6427|10.5791|10.5791|10.6427|20181127|
SCBAM|SCBINDIAP|0|10.5844|10.5898|10.5791|10.5791|10.5898|20181127|
SCBAM|SCBJPSMA|256489758.44|8.8643|9.0067|8.8643|8.8643|9.0067|20181127|
SCBAM|SCBKEQTG|750111356.36|9.4862|9.5337|9.4862|9.4862|9.5337|20181127|
SCBAM|SCBKEQTGP|0|9.4862|9.4863|9.4862|9.4862|9.4863|20181127|
SCBAM|SCBLEQ|1785411007.23|10.7259|10.8982|10.7259|10.7259|10.8982|20181127|
SCBAM|SCBLEQA|816416710.07|11.0184|11.1953|11.0184|11.0184|11.1953|20181127|
SCBAM|SCBLT1|28518333217.46|16.9583|16.9584|16.9583|16.9583|16.9584|20181128|
SCBAM|SCBLT2|6850602333.19|26.8574|26.8575|26.8574|26.8574|26.8575|20181128|
SCBAM|SCBLT3|2925090324.46|27.453|27.4531|27.453|27.453|27.4531|20181128|
SCBAM|SCBLT4|1039070224.63|11.8994|11.8995|11.8994|11.8994|11.8995|20181128|
SCBAM|SCBLTS|866660130.97|13.2277||13.2277|13.2277||20181128|
SCBAM|SCBLTSEA|128575323.11|9.3467|9.3468|9.3467|9.3467|9.3468|20181128|
SCBAM|SCBLTSED|106155829.54|9.2519|9.252|9.2519|9.2519|9.252|20181128|
SCBAM|SCBLTSETA|72707783.5|9.4034|9.4035|9.4034|9.4034|9.4035|20181128|
SCBAM|SCBLTSETD|47111790.71|9.4035|9.4036|9.4035|9.4035|9.4036|20181128|
SCBAM|SCBLTT|3832495651.62|16.6191|16.6192|16.6191|16.6191|16.6192|20181128|
SCBAM|SCBMLTA|1644305352.62|9.6835|9.7872|9.6835|9.6835|9.7872|20181128|
SCBAM|SCBMLTP|1217685.75|9.8689|9.869|9.8689|9.8689|9.869|20181128|
SCBAM|SCBMPLUSA|6866859426.13|10.2052|10.2599|||10.2599|20181127|
SCBAM|SCBMSE|824530647.75|13.6898|13.8364|13.6898|13.6898|13.8364|20181128|
SCBAM|SCBMSEP|222890.49|13.7345|13.7346|13.7345|13.7345|13.7346|20181128|
SCBAM|SCBNK225|1109858854.51|16.1961|16.3015|16.1718|16.1718|16.3015|20181128|
SCBAM|SCBNK225D|276528582.83|12.8309|12.9144|12.8117|12.8117|12.9144|20181128|
SCBAM|SCBNK225P|48210290.77|15.4016|15.4248|15.3785|15.3785|15.4248|20181128|
SCBAM|SCBOIL|233025821.81|3.8196|3.8439|3.8158|3.8158|3.8439|20181127|
SCBAM|SCBOPPA|2061986330.06|9.3812|9.4817|9.3812|9.3812|9.4817|20181126|
SCBAM|SCBOPPR|57172959.36|9.3812|9.4817|9.3812|9.3812|9.4817|20181126|
SCBAM|SCBPGF|173376515.41|12.3294|12.4614|12.3294|12.3294|12.4614|20181126|
SCBAM|SCBPINA|704376643.94|10.0439|10.1407|10.0278|10.0278|10.1407|20181128|
SCBAM|SCBPIND|699033943.73|10.0439|10.1407|10.0278|10.0278|10.1407|20181128|
SCBAM|SCBPLUS|22125456163.11|10.9886|11.0475|||11.0475|20181128|
SCBAM|SCBPMO|37004973|9.5969|9.6997|9.5969|9.5969|9.6997|20181128|
SCBAM|SCBPMOP|0|9.5969|9.597|9.5969|9.5969|9.597|20181128|
SCBAM|SCBPOPA|3583952573.51|9.6494|9.8044|9.6494|9.6494|9.8044|20181126|
SCBAM|SCBPOPP|54435648.82|9.7232|9.7233|9.7232|9.7232|9.7233|20181126|
SCBAM|SCBRF|587796064.11|19.9664|19.9665|||19.9665|20181128|
SCBAM|SCBRM1|9751445802.19|13.7137|13.7138|13.7137|13.7137|13.7138|20181128|
SCBAM|SCBRM2|6167838715.76|13.7441|13.7442|13.7441|13.7441|13.7442|20181128|
SCBAM|SCBRM3|4137216376.65|25.2825|25.2826|25.2825|25.2825|25.2826|20181128|
SCBAM|SCBRM4|7489498504.42|53.7524|53.7525|53.7524|53.7524|53.7525|20181128|
SCBAM|SCBRMEU|25242197.64|10.0146|10.0147|10.0146|10.0146|10.0147|20181127|
SCBAM|SCBRMGHC|108009859.92|10.8819|10.882|10.8819|10.8819|10.882|20181126|
SCBAM|SCBRMGIF|124882033.74|10.6857|10.6858|10.6857|10.6857|10.6858|20181127|
SCBAM|SCBRMGW|25664528.3|9.7244|9.7245|9.7244|9.7244|9.7245|20181126|
SCBAM|SCBRMGWP|42409849.95|10.073|10.0731|10.073|10.073|10.0731|20181126|
SCBAM|SCBRMJP|66557401.88|11.3622|11.3623|11.3622|11.3622|11.3623|20181128|
SCBAM|SCBRMPOP|108961975.04|9.5932|9.5933|9.5932|9.5932|9.5933|20181127|
SCBAM|SCBRMS50|1840658510.84|18.3024|18.3025|18.3024|18.3024|18.3025|20181128|
SCBAM|SCBROBOA|9708889245.56|9.3487|9.4988|9.3487|9.3487|9.4988|20181127|
SCBAM|SCBS&P500|1107712140.51|17.1367|17.2396|17.1196|17.1196|17.2396|20181127|
SCBAM|SCBS&P500P|0|17.1367|17.1539|17.1196|17.1196|17.1539|20181127|
SCBAM|SCBSE|3161750941.17|12.3079|12.4397|12.3079|12.3079|12.4397|20181128|
SCBAM|SCBSEA|967301295.55|13.1033|13.2436|13.1033|13.1033|13.2436|20181128|
SCBAM|SCBSEP|0|12.4854|12.4855|12.4854|12.4854|12.4855|20181128|
SCBAM|SCBSET|16245996345.71|20.8316|20.8317|20.8316|20.8316|20.8317|20181128|
SCBAM|SCBSET50|8192959855.66|20.1759|20.1921|20.1598|20.1598|20.1921|20181128|
SCBAM|SCBSET50P|62234120.47|20.197|20.2133|20.1808|20.1808|20.2133|20181128|
SCBAM|SCBSETP|0|20.8316|20.8317|20.8316|20.8316|20.8317|20181128|
SCBAM|SCBSFF|69991414367.58|20.5268|20.5269|20.5268|20.5268|20.5269|20181128|
SCBAM|SCBSFFPLUS-A|145220367297.99|10.8983|10.8984|10.8983|10.8983|10.8984|20181128|
SCBAM|SCBSFFPLUS-B|40090461246.07|10.8413|10.8414|10.8413|10.8413|10.8414|20181128|
SCBAM|SCBSFFPLUS-I|15965547543.84|10.9|10.9001|10.9|10.9|10.9001|20181128|
SCBAM|SCBSFFPLUS-P|2824505.07|10.9288|10.9289|10.9288|10.9288|10.9289|20181128|
SCBAM|SCBSMART2|1354755154.31|10.1384|10.1927|10.1384|10.1384|10.1927|20181128|
SCBAM|SCBSMART2A|16506824.88|10.1385|10.1928|10.1385|10.1385|10.1928|20181128|
SCBAM|SCBSMART3|106570992.37|9.7672|9.8196|9.7672|9.7672|9.8196|20181126|
SCBAM|SCBSMART4|161073230.64|9.7126|9.7647|9.7126|9.7126|9.7647|20181126|
SCBAM|SCBST555A|23578398.35|10.133||10.133|10.133||20181128|
SCBAM|SCBST555B|380933694.71|9.7447||9.7447|9.7447||20181128|
SCBAM|SCBTEQ|2057301918.45|11.8718|11.9354|11.8718|11.8718|11.9354|20181128|
SCBAM|SCBTG|315303808.16|9.6991|||||20181128|
SCBAM|SCBTHAICGA|473723515.35|10.466|10.5781|10.466|10.466|10.5781|20181128|
SCBAM|SCBTHAICGP|33556874.12|10.5137|10.5138|10.5137|10.5137|10.5138|20181128|
SCBAM|SCBTMF|3236531847.68|11.3484|11.3485|11.3484|11.3484|11.3485|20181128|
SCBAM|SCBTMFPLUS-A|5842866333.65|11.0387|11.0388|11.0387|11.0387|11.0388|20181128|
SCBAM|SCBTMFPLUS-B|313063930.08|10.8665|10.8666|10.8665|10.8665|10.8666|20181128|
SCBAM|SCBTMFPLUS-I|6354972534.12|11.0392|11.0393|11.0392|11.0392|11.0393|20181128|
SCBAM|SCBTMFPLUS-P|339412654.94|11.0545|11.0546|11.0545|11.0545|11.0546|20181128|
SCBAM|SCBUSHYA|439751425.54|10.0972|10.1783|10.0972|10.0972|10.1783|20181127|
SCBAM|SCBUSSM|112641885.9|12.0684|12.2622|12.0684|12.0684|12.2622|20181126|
SCBAM|SCBWINA|172052454.12|9.8123|9.9699|9.8123|9.8123|9.9699|20181127|
SCBAM|SCBWINR|4684254449.34|9.8119|9.9695|9.8119|9.8119|9.9695|20181127|
TFUND|T-GlobalValue|66477952.68|6.8287|6.9019|6.8287|6.8287|6.9019|20181126|
TFUND|T-PropInfraFlex|1530149238.25|11.2761|11.3647|11.2479|11.2479|11.3647|20181128|
TFUND|T-SMCapLTF|67648838.69|9.2801|9.2802|9.2801|9.2801|9.2802|20181128|
TFUND|T-FinanceTH|193581018.66|13.3394|13.4109|13.3394|13.3394|13.4109|20181128|
TFUND|T-STSD|411165182.08|11.2117|11.2718|11.2117|11.2117|11.2718|20181128|
TFUND|T-NGRMF|2459397502.23|15.4557|15.4558|15.4557|15.4557|15.4558|20181128|
TFUND|T-BigCapLTF|2865669475.33|35.3141|35.3142|35.3141|35.3141|35.3142|20181128|
TFUND|T-SM Cap|144327582.45|12.1852|12.2505|12.1852|12.1852|12.2505|20181128|
TFUND|T-LowBetaLTFD|1280794684.01|10.1189|10.119|10.1189|10.1189|10.119|20181128|
TFUND|T-TSARN|3389298181.03|11.3066|11.3067|11.3066|11.3066|11.3067|20181128|
TFUND|T-HealthcareRMF|104623846.97|9.6876|9.6877|9.6876|9.6876|9.6877|20181127|
TFUND|TGOV3M2|44120878.96|12.9995|12.9996|12.9995|12.9995|12.9996|20181128|
TFUND|T-NMIXRMF|1718253127.96|40.7532|40.7533|40.7532|40.7532|40.7533|20181128|
TFUND|T-GlobalEnergy|44502549.02|3.1853|3.2195|3.1853|3.1853|3.2195|20181126|
TFUND|T-LowBetaRMF|2154578863.4|16.3551|16.3552|16.3551|16.3551|16.3552|20181128|
TFUND|T-NFPLUS|712816910.44|39.1896|39.1897|39.1896|39.1896|39.1897|20181128|
TFUND|T-PREMIUM BRAND|55823435.56|8.9372|9.0329|8.9372|8.9372|9.0329|20181126|
TFUND|T-MONEY|1641841856.67|11.8952|11.8953|11.8952|11.8952|11.8953|20181128|
TFUND|T-CASH|13732301855|13.3156|13.3157|13.3156|13.3156|13.3157|20181128|
TFUND|T-IncomePropAI|197471054.2|10.1785|10.3147|10.1785|10.1785|10.3147|20181127|
TFUND|T-DIV|15700128589.71|9.7069|9.7589|9.7069|9.7069|9.7589|20181128|
TFUND|T-IncomePlus|53599970047.1|11.1617|11.1618|11.1617|11.1617|11.1618|20181128|
TFUND|T-PrimeLowBeta|2711288181.9|11.7058|11.7685|11.7058|11.7058|11.7685|20181128|
TFUND|T-CHChallenge#1|295638191.51|7.8637|7.9059|7.8637|7.8637|7.9059|20181128|
TFUND|T-TTW1|432891580.14|9.6317|9.6318|9.6317|9.6317|9.6318|20181128|
TFUND|T-GLOBALBOND|838703743.41|16.7801|16.9149|16.7801|16.7801|16.9149|20181127|
TFUND|T-NERMF|1671680699.38|64.1087|64.1088|64.1087|64.1087|64.1088|20181128|
TFUND|T-AsianProp|1177297481.5|10.2171|10.3265|10.2171|10.2171|10.3265|20181126|
TFUND|T-JapanEQ|169405822.79|11.3631|11.4848|11.3631|11.3631|11.4848|20181126|
TFUND|T-DPlus|3742255327.55|10.2323|10.2324|10.2323|10.2323|10.2324|20181128|
TFUND|T-DMixed|337906639.02|8.82|8.8201|8.82|8.82|8.8201|20181128|
TFUND|T-EQUITY|1421923861.69|12.7496|12.8179|12.7496|12.7496|12.8179|20181128|
TFUND|T-JPChallenge1|96942218.67|9.0297|9.0781|9.0297|9.0297|9.0781|20181128|
TFUND|T-SET50|1567576515.01|15.2657|15.2887|15.2428|15.2428|15.2887|20181128|
TFUND|T-GlobalBondRMF|70217915.87|10.0137|10.0138|10.0137|10.0137|10.0138|20181127|
TFUND|T-CSD|2792470932.31|6.5409|6.576|6.5409|6.5409|6.576|20181128|
TFUND|T-PrimePlusAI|6454277737.99|9.2776|||||20181128|
TFUND|TGoldBullion-H|1076414852.83|8.3007|8.3097|8.2785|8.2785|8.3097|20181128|
TFUND|T-PropertyRMF|55274068.95|12.7695|12.8015|12.7376|12.7376|12.8015|20181128|
TFUND|T-LowBeta|5348676823.39|20.9901|21.1025|20.9901|20.9901|21.1025|20181128|
TFUND|T-MAP|39231979.7|12.4748|12.6084|12.4748|12.4748|12.6084|20181126|
TFUND|T-SmartBeta|4956755836.56|9.4876|||||20181128|
TFUND|T-INCOMEAI|477875798.78|10.4314|10.571|10.4314|10.4314|10.571|20181126|
TFUND|T-TSB|7761433530.05|21.0235|21.0236|21.0235|21.0235|21.0236|20181128|
TFUND|TGoldBullion-UH|366267847.1|8.6131|8.6224|8.5901|8.5901|8.6224|20181128|
TFUND|T-DIV2|5482675104.42|9.6661|9.7179|9.6661|9.6661|9.7179|20181128|
TFUND|T-INFRA|175477726.41|9.6801|9.7838|9.6801|9.6801|9.7838|20181126|
TFUND|TGoldRMF-UH|63138370.21|7.9882|7.9883|7.9882|7.9882|7.9883|20181128|
TFUND|T-GlobalEQ|522073575.95|16.3379|16.5128|16.3379|16.3379|16.5128|20181126|
TFUND|T-NFRMF|4006598797.61|16.1266|16.1267|16.1266|16.1266|16.1267|20181128|
TFUND|T-Healthcare|963395961.18|9.6387|9.7419|9.6387|9.6387|9.7419|20181127|
TFUND|T-Privilege|380536725.12|10.3729|10.4285|10.3729|10.3729|10.4285|20181128|
TFUND|T-GlobalEQRMF|53885798.17|11.632|11.6321|11.632|11.632|11.6321|20181126|
TFUND|T-EuropeEQ|40075835.72|10.1055|10.2137|10.1055|10.1055|10.2137|20181126|
TFUND|T-PPSD|1063274250.46|14.5349|14.6128|14.5349|14.5349|14.6128|20181128|
TFUND|T-Property|1072956914.93|12.7989|12.8995|12.7669|12.7669|12.8995|20181128|
TFUND|T-LTFD|2842299901.29|23.489|23.4891|23.489|23.489|23.4891|20181128|
TFUND|T-Mixed7030|258861615.35|10.5389|10.5672|10.5389|10.5389|10.5672|20181128|
TFUND|T-EUChallenge2P|28561203.64|9.6263|9.7294|9.6263|9.6263|9.7294|20181127|
TFUND|T-NMRMF|721343963.57|13.7198|13.7199|13.7198|13.7198|13.7199|20181128|
TFUND|TGoldRMF-H|170835619.31|7.7883|7.7884|7.7883|7.7883|7.7884|20181128|
TMBAM|TMBTM|15807810732.59|13.6153|13.6154|13.6153|13.6153|13.6154|20181128|
TMBAM|TMBMF|4865522096.06|21.6576|21.6577|21.6576|21.6576|21.6577|20181128|
TMBAM|TMBCB|149024070.48|16.9579|16.958|16.9579|16.9579|16.958|20181128|
TMBAM|TMB50|15087196138.08|102.4657|102.5683|102.3632|102.3632|102.5683|20181128|
TMBAM|TMB50DV|1775355906.25|8.7697|8.7786|8.7609|8.7609|8.7786|20181128|
TMBAM|JB25|7156141922.3|43.507|43.5506|43.4635|43.4635|43.5506|20181128|
TMBAM|TMB-THAICG|1647607600.76|9.2831|9.376|9.2831|9.2831|9.376|20181128|
TMBAM|TMBPIPF|36206632485.46|11.0138|11.124|11.0028|11.0028|11.124|20181128|
TMBAM|TMBTMSMV|121085135.29|10.2166|10.3189|10.2166|10.2166|10.3189|20181128|
TMBAM|TMBTHANAPLUS|86844093419.65|11.9107|11.9108|11.9107|11.9107|11.9108|20181128|
TMBAM|TMBUSB|45645272062.36|10.4844|10.4845|10.4844|10.4844|10.4845|20181128|
TMBAM|TMBINCOME|342238601.16|10.2854|10.3369|10.2854|10.2854|10.3369|20181128|
TMBAM|TMBBF|20264557936.49|12.4597|12.4598|12.4597|12.4597|12.4598|20181128|
TMBAM|TMBABF|29462419557.01|11.1389|11.139|11.1389|11.1389|11.139|20181128|
TMBAM|TMBAASF|1371174873.61|12.3692|12.4311|12.3692|12.3692|12.4311|20181128|
TMBAM|TMBAAMF|1115852118.99|12.8142|12.8784|12.8142|12.8142|12.8784|20181128|
TMBAM|TMBAALF|2316003447.11|13.8557|13.9251|13.8557|13.8557|13.9251|20181128|
TMBAM|TMBMRMF|3143280161.73|12.8835|12.8836|12.8835|12.8835|12.8836|20181128|
TMBAM|TMB50RMF|3622547664.29|43.7088|43.7526|43.6651|43.6651|43.7526|20181128|
TMBAM|JB25RMF|3175364098.1|39.4243|39.4638|39.3849|39.3849|39.4638|20181128|
TMBAM|TMBBFRMF|1278275972.84|12.1554|12.1555|12.1554|12.1554|12.1555|20181128|
TMBAM|TMBGRMF|158947899|11.0512|11.0624|11.0401|11.0401|11.0624|20181127|
TMBAM|TMBGOLDSRMF|285575022.07|8.4134|8.4219|8.405|8.405|8.4219|20181128|
TMBAM|TMBUS500RMF|354450027.55|17.9031|17.9211|17.8852|17.8852|17.9211|20181127|
TMBAM|TMBEGRMF|60888767.05|10.4697|10.4803|10.4592|10.4592|10.4803|20181127|
TMBAM|TMBPIPRMF|524054061.32|13.7403|13.7541|13.7266|13.7266|13.7541|20181128|
TMBAM|TMBAGLRMF|132608604.37|10.3382|10.3486|10.3279|10.3279|10.3486|20181127|
TMBAM|TMBCORMF|435569242.06|13.5385|13.5521|13.525|13.525|13.5521|20181127|
TMBAM|TMBGQGRMF|513397841.64|12.2046|12.2169|12.1924|12.1924|12.2169|20181127|
TMBAM|TMBJERMF|41936981.41|10.6991|10.7099|10.6884|10.6884|10.7099|20181128|
TMBAM|TMBGINCOMERMF|342483973.51|10.5417|10.5523|10.5312|10.5312|10.5523|20181127|
TMBAM|TMBTMSMVRMF|58324732.33|10.0934|10.1036|10.0833|10.0833|10.1036|20181128|
TMBAM|TMBABRMF|132505799.41|10.3062|10.3063|10.3062|10.3062|10.3063|20181128|
TMBAM|TMBEAERMF|27571696.08|7.8496|7.8575|7.8418|7.8418|7.8575|20181127|
TMBAM|TMBGPROPRMF|11165745.76|10.0311|10.0412|10.0211|10.0211|10.0412|20181127|
TMBAM|JBP LTF|4671444808.87|20.7302|20.751|20.7095|20.7095|20.751|20181128|
TMBAM|JB25 LTF|7763585057.85|25.184|25.2093|25.1588|25.1588|25.2093|20181128|
TMBAM|TMBTMSMVLTF|122194794.63|10.0966|10.1068|10.0865|10.0865|10.1068|20181128|
TMBAM|TMBGOLD|642643570.33|16.3079|16.3243|16.2916|16.2916|16.3243|20181127|
TMBAM|TMBWDEQ|621969048.12|13.3534|13.3669|13.34|13.34|13.3669|20181127|
TMBAM|TMBEMEQ|562191778.24|9.8125|9.8224|9.8027|9.8027|9.8224|20181127|
TMBAM|TMBCHEQ|1896325171.91|5.0241|5.0292|5.0191|5.0191|5.0292|20181128|
TMBAM|TMBOIL|481719210.85|3.4433|3.4468|3.4399|3.4399|3.4468|20181127|
TMBAM|TMBGF|591070989.53|12.3997|12.5238|12.3873|12.3873|12.5238|20181127|
TMBAM|TMBGOLDS|1890417083.74|8.4959|8.5045|8.4874|8.4874|8.5045|20181128|
TMBAM|TMBUSO|42920172.88|9.507|||||20181126|
TMBAM|TMBGDF|105300510.7|9.5124|9.6076|9.5029|9.5029|9.6076|20181127|
TMBAM|TMBUS500|1221640832.92|18.7724|18.9602|18.7536|18.7536|18.9602|20181127|
TMBAM|TMBEG|272705491.56|10.8136|10.9759|10.8136|10.8136|10.9759|20181127|
TMBAM|TMBCOF|5577927270.43|14.8822|15.1055|14.8822|14.8822|15.1055|20181127|
TMBAM|TMBAGLF|4134122065.35|11.1755|11.3432|11.1755|11.1755|11.3432|20181127|
TMBAM|TMBGRR|170211151.18|9.2097|9.3019|9.2097|9.2097|9.3019|20181127|
TMBAM|TMBJE|1123523171.32|12.2005|12.3226|12.2005|12.2005|12.3226|20181128|
TMBAM|TMBGQG|9091266244.77|13.0624|13.2584|13.0624|13.0624|13.2584|20181127|
TMBAM|TMBGER|753484394.06|11.2267|11.3391|11.2267|11.2267|11.3391|20181127|
TMBAM|TMBJPNAE|1060870738.37|11.6264|11.8009|11.6264|11.6264|11.8009|20181127|
TMBAM|TMBUSBLUECHIP|445700054.76|13.9977|14.2078|13.9977|13.9977|14.2078|20181127|
TMBAM|TMBGINCOME|36747295014.57|10.7341|10.8415|10.7341|10.7341|10.8415|20181127|
TMBAM|TMBGINFRA|1284722666.39|11.6439|11.8187|11.6439|11.6439|11.8187|20181127|
TMBAM|TMBASIAB|161428873.9|9.8839|9.9828|9.8839|9.8839|9.9828|20181127|
TMBAM|TMBEAE|8579560322.56|8.8893|9.0227|8.8893|8.8893|9.0227|20181127|
TMBAM|TMBEBF|678767278.17|9.3382|9.4317|9.3382|9.3382|9.4317|20181127|
TMBAM|TMBGPROP|4715753186.15|9.6221|9.7184|9.6221|9.6221|9.7184|20181127|
TMBAM|TMBINDAE|745672742.39|8.7711|8.9028|8.7711|8.7711|8.9028|20181127|
TALISAM|TLFLEX|382295977.94|10.2242|10.3265|10.2242|10.2242|10.3265|20181128|
TALISAM|TLLTFEQ|151568551.09|10.1149|10.115|10.1149|10.1149|10.115|20181128|
TALISAM|TLMMRMF|10750523.55|10.2019|10.202|10.2019|10.2019|10.202|20181128|
TALISAM|TLFLEXRMF|68624901.55|9.7845|9.7846|9.7845|9.7845|9.7846|20181128|
TALISAM|TLEQRMF|22071693.77|10.2027|10.2028|10.2027|10.2027|10.2028|20181128|
TALISAM|TLMMF|345168912.61|10.2322|10.2323|10.2322|10.2322|10.2323|20181128|
TALISAM|TLEQ|27650747.6|9.9197|10.019|9.9197|9.9197|10.019|20181128|
TALISAM|TLMSEQ|37666510.52|9.4206|9.5149|9.4206|9.4206|9.5149|20181128|
TALISAM|TLEQ-THAICG|26150120.62|9.6171|9.7134|9.6171|9.6171|9.7134|20181128|
TALISAM|TLDIVRMF|6165163.42|9.0135|9.0136|9.0135|9.0135|9.0136|20181128|
TALISAM|TLDIVLTF-D|16063189.86|8.9925|8.9926|8.9925|8.9925|8.9926|20181128|
TALISAM|TLDIVEQ-D|71922622.23|8.9414|9.0309|8.9414|8.9414|9.0309|20181128|
CPAM|CIMB-PRINCIPAL (FAM) GCF|28440080.07|5.9502|6.014|5.9502|5.9502|6.014|20181126|
CPAM|CIMB-PRINCIPAL (FAM) RMF|23150660.99|13.8402|13.8403|13.8402|13.8402|13.8403|20181126|
CPAM|CIMB-PRINCIPAL EUEQ|178516357.98|10.4161|10.5724|10.4161|10.4161|10.5724|20181126|
CPAM|CIMB-PRINCIPAL EUHY|38815050.1|10.8327|10.9411|10.8327|10.8327|10.9411|20181126|
CPAM|CIMB-PRINCIPAL GBF|63324720.47|9.8678|10.0159|9.8678|9.8678|10.0159|20181126|
CPAM|CIMB-PRINCIPAL GMV-A|852778842.44|9.6292|9.7737|9.6292|9.6292|9.7737|20181126|
CPAM|CIMB-PRINCIPAL GMV-C|16816240.83|9.6417|9.6418|9.6417|9.6417|9.6418|20181126|
CPAM|CIMB-PRINCIPAL GPS-A|296810958.75|9.6691|9.7659|9.6691|9.6691|9.7659|20181126|
CPAM|CIMB-PRINCIPAL GREITs|962954345.36|9.789|9.9359|9.789|9.789|9.9359|20181126|
CPAM|CIMB-PRINCIPAL GSA|370058439.44|10.9175|11.0814|10.9175|10.9175|11.0814|20181126|
CPAM|CPAM GSCEQ-R|158096262.79|11.1237|11.2907|11.1237|11.1237|11.2907|20181126|
CPAM|CIMB-PRINCIPAL (FAM) GEF|847189731.29|12.2189|12.2713|12.1993|12.1993|12.2713|20181127|
CPAM|CIMB-PRINCIPAL APDI|1878959972.79|16.507|16.7547|16.507|16.507|16.7547|20181127|
CPAM|CIMB-PRINCIPAL APDIRMF|61741918.57|11.1587|11.1588|11.1587|11.1587|11.1588|20181127|
CPAM|CIMB-PRINCIPAL CHEQ-A|794532124.89|9.4124|9.5537|9.4124|9.4124|9.5537|20181127|
CPAM|CIMB-PRINCIPAL CII|71328893.19|11.4881|11.6605|11.4881|11.4881|11.6605|20181127|
CPAM|CIMB-PRINCIPAL GEQ|121661384.91|11.0398|11.2055|11.0398|11.0398|11.2055|20181127|
CPAM|CIMB-PRINCIPAL GIF|1840372396.81|12.5481|12.7364|12.5481|12.5481|12.7364|20181127|
CPAM|CIMB-PRINCIPAL GOPP-A|2996685315.2|10.8142|10.9765|10.8142|10.8142|10.9765|20181127|
CPAM|CIMB-PRINCIPAL GOPP-C|10995.55|10.8143|10.8144|10.8143|10.8143|10.8144|20181127|
CPAM|CIMB-PRINCIPAL GTR|2137178167.22|9.635|9.7315|9.635|9.635|9.7315|20181127|
CPAM|CIMB-PRINCIPAL JEQ|264788342.7|11.8808|12.0591|11.8808|11.8808|12.0591|20181127|
CPAM|CIMB-PRINCIPAL KEQ|34881658.7|8.3868|8.5127|8.3868|8.3868|8.5127|20181127|
CPAM|CPAM APDE|84121863.17|11.472|11.6442|11.472|11.472|11.6442|20181127|
CPAM|CPAM KOEQ|15145354.83|8.0664|8.1875|8.0664|8.0664|8.1875|20181127|
CPAM|CIMB-PRINCIPAL (FAM) DEF|65766578.26|11.4077|11.4329|11.3826|11.3826|11.4329|20181128|
CPAM|CIMB-PRINCIPAL (FAM) EEF|1933452268.99|25.2671|25.3228|25.2115|25.2115|25.3228|20181128|
CPAM|CIMB-PRINCIPAL (FAM) FBVRMF|5029390.01|11.4601|11.4602|11.4601|11.4601|11.4602|20181128|
CPAM|CIMB-PRINCIPAL (FAM) FI|4076130231.07|13.4312|13.4313|13.4312|13.4312|13.4313|20181128|
CPAM|CIMB-PRINCIPAL (FAM) LTF|86313780.33|31.2979|31.298|31.2979|31.2979|31.298|20181128|
CPAM|CIMB-PRINCIPAL (FAM) RSRMF|4869683.86|12.3007|12.3008|12.3007|12.3007|12.3008|20181128|
CPAM|CIMB-PRINCIPAL (FAM) SET100RMF|14999487.53|19.3043|19.3044|19.3043|19.3043|19.3044|20181128|
CPAM|CIMB-PRINCIPAL (FAM) VF|785218170.58|11.6233|11.6234|11.6233|11.6233|11.6234|20181128|
CPAM|CIMB-PRINCIPAL 70LTFD|258755835.39|13.6037|13.6038|13.6037|13.6037|13.6038|20181128|
CPAM|CIMB-PRINCIPAL DAILY FIX|39187691.65|12.2413|12.2414|12.2413|12.2413|12.2414|20181128|
CPAM|CIMB-PRINCIPAL DPLUS|9253350282.61|10.5875|10.5876|10.5875|10.5875|10.5876|20181128|
CPAM|CIMB-PRINCIPAL EPIF|1300408406.5|13.2002|13.2663|13.2002|13.2002|13.2663|20181128|
CPAM|CIMB-PRINCIPAL EQRMF|131581364.81|18.0425|18.0426|18.0425|18.0425|18.0426|20181128|
CPAM|CIMB-PRINCIPAL FIRMF|56800287.28|13.2965|13.2966|13.2965|13.2965|13.2966|20181128|
CPAM|CIMB-PRINCIPAL GOLD8P|33720884.96|7.0799|7.08|7.0799|7.0799|7.08|20181128|
CPAM|CIMB-PRINCIPAL GOLD8P2|20195915.33|7.3033|7.3034|7.3033|7.3033|7.3034|20181128|
CPAM|CIMB-PRINCIPAL iBALANCED-C|197333.78|12.8713|12.8714|12.8713|12.8713|12.8714|20181128|
CPAM|CIMB-PRINCIPAL iBALANCED-R|283124049.31|12.8677|12.9965|12.8677|12.8677|12.9965|20181128|
CPAM|CIMB-PRINCIPAL iDAILY-A|569017757.34|11.288|11.2881|11.288|11.288|11.2881|20181128|
CPAM|CIMB-PRINCIPAL iDAILY-C|283445090.51|11.3727|11.3728|11.3727|11.3727|11.3728|20181128|
CPAM|CIMB-PRINCIPAL iDAILY-D|691959.14|10.2375|10.2376|10.2375|10.2375|10.2376|20181128|
CPAM|CIMB-PRINCIPAL iDAILY-I|82577195.5|11.2541|11.2542|11.2541|11.2541|11.2542|20181128|
CPAM|CIMB-PRINCIPAL iDAILY-R|566036.94|11.3001|11.3002|11.3001|11.3001|11.3002|20181128|
CPAM|CIMB-PRINCIPAL iDIV-A|208958051.84|18.3983|18.5824|18.3983|18.3983|18.5824|20181128|
CPAM|CIMB-PRINCIPAL iDIV-C|1391225188.69|18.4095|18.4096|18.4095|18.4095|18.4096|20181128|
CPAM|CIMB-PRINCIPAL iDIV-D|119767922.21|10.9556|11.0653|10.9556|10.9556|11.0653|20181128|
CPAM|CIMB-PRINCIPAL iDIV-R|76935086.25|18.7351|18.9226|18.7351|18.7351|18.9226|20181128|
CPAM|CIMB-PRINCIPAL iFIXED-A|3027473618.1|11.7035|11.7036|11.7035|11.7035|11.7036|20181128|
CPAM|CIMB-PRINCIPAL iFIXED-C|3242058824.49|11.7097|11.7098|11.7097|11.7097|11.7098|20181128|
CPAM|CIMB-PRINCIPAL iFIXED-R|60951013.65|11.7177|11.7178|11.7177|11.7177|11.7178|20181128|
CPAM|CIMB-PRINCIPAL iGOLD-A|124421489.1|6.7631|6.7733|6.753|6.753|6.7733|20181128|
CPAM|CIMB-PRINCIPAL iGOLD-R|2403420.71|6.6095|6.6195|6.5996|6.5996|6.6195|20181128|
CPAM|CIMB-PRINCIPAL iPROP-A|2891464081.12|17.4095|17.5837|17.4095|17.4095|17.5837|20181128|
CPAM|CIMB-PRINCIPAL iPROP-C|1467641621.92|17.3468|17.3469|17.3468|17.3468|17.3469|20181128|
CPAM|CIMB-PRINCIPAL iPROP-D|5324956891.69|12.2709|12.3937|12.2709|12.2709|12.3937|20181128|
CPAM|CIMB-PRINCIPAL iPROPPLUS|679504751.97|9.957|10.0567|9.957|9.957|10.0567|20181128|
CPAM|CIMB-PRINCIPAL iPROP-R|1592310258.73|17.4962|17.6713|17.4962|17.4962|17.6713|20181128|
CPAM|CIMB-PRINCIPAL iPROPRMF|632438887.78|15.5699|15.57|15.5699|15.5699|15.57|20181128|
CPAM|CIMB-PRINCIPAL LTF|646654216.98|20.0837|20.0838|20.0837|20.0837|20.0838|20181128|
CPAM|CIMB-PRINCIPAL PRMF|81130608.82|12.1106|12.1107|12.1106|12.1106|12.1107|20181128|
CPAM|CIMB-PRINCIPAL SET50|36705797.13|24.2389|24.239|24.2389|24.2389|24.239|20181128|
CPAM|CIMB-PRINCIPAL SIF|2863354156.4|11.0971|11.1527|11.0971|11.0971|11.1527|20181128|
CPAM|CIMB-PRINCIPAL TDIF-D|717084301.42|9.045|9.1356|9.045|9.045|9.1356|20181128|
CPAM|CIMB-PRINCIPAL TREASURY|733229806.97|11.5549|11.555|11.5549|11.5549|11.555|20181128|
CPAM|CIMB-PRINCIPAL VNEQ-A|1905405555.55|9.2454|9.3842|9.2454|9.2454|9.3842|20181128|
CPAM|CIMB-PRINCIPAL VNEQ-I|600422278.56|9.3179|9.4578|9.3179|9.3179|9.4578|20181128|
LHFUND|LHGMA-R|9737753.42|9.9697|10.0695|9.9697|9.9697|10.0695|20181127|
LHFUND|LHGMA-D|73171875.25|9.9698|10.0696|9.9698|9.9698|10.0696|20181127|
LHFUND|LHGMA-A|52934840.71|9.9697|10.0695|9.9697|9.9697|10.0695|20181127|
LHFUND|LHGEQ-D|143541847.44|9.0537|9.1443|9.0537|9.0537|9.1443|20181127|
LHFUND|LHGEQ-A|154684000.51|9.0537|9.1443|9.0537|9.0537|9.1443|20181127|
LHFUND|LHGEQ-R|15122766.88|9.0536|9.1442|9.0536|9.0536|9.1442|20181127|
LHFUND|LHEM-E|285462159.59|8.1469|8.2488|8.1469|8.1469|8.2488|20181127|
LHFUND|LHINDIA-E|617482565.28|8.1908|8.2728|8.1908|8.1908|8.2728|20181127|
LHFUND|LHGLIFE-E|323843738.34|9.3357|9.4525|9.3357|9.3357|9.4525|20181127|
LHFUND|LHDIGITAL-R|33061977.43|9.7581|9.9046|9.7581|9.7581|9.9046|20181126|
LHFUND|LHDIGITAL-D|170827771.28|9.3635|9.5041|9.3635|9.3635|9.5041|20181126|
LHFUND|LHDIGITAL-A|56186073.99|9.7584|9.9049|9.7584|9.7584|9.9049|20181126|
LHFUND|LHROBOT-E|1663047603.99|8.0788|8.1597|8.0788|8.0788|8.1597|20181126|
LHFUND|LHGINCOMERMF|12549390.02|9.516|9.5161|9.516|9.516|9.5161|20181126|
LHFUND|LHGINCOME-R|196341083.94|9.7363|9.8338|9.7363|9.7363|9.8338|20181126|
LHFUND|LHGINCOME-D|96950112.67|9.5977|9.6938|9.5977|9.5977|9.6938|20181126|
LHFUND|LHGINCOME-A|30084505.04|9.7363|9.8338|9.7363|9.7363|9.8338|20181126|
LHFUND|LHJAP-E|613282401.31|9.4754|9.5703|9.428|9.428|9.5703|20181126|
LHFUND|LHSTGLTF-D|41498709.92|9.834|9.8341|9.834|9.7848|9.8341|20181128|
LHFUND|LHSTGLTF-A|27034716.54|9.8338|9.8339|9.8338|9.7846|9.8339|20181128|
LHFUND|LHTOPPICK-D|194451104.12|8.8269|8.9153|8.8048|8.8048|8.9153|20181128|
LHFUND|LHTOPPICK-R|69949119.35|9.1084|9.1996|9.0856|9.0856|9.1996|20181128|
LHFUND|LHTOPPICK-A|198417573.97|9.1086|9.1998|9.0858|9.0858|9.1998|20181128|
LHFUND|LHSELECT-D|1409270069.66|10.3963|10.5004|10.3963|10.3963|10.5004|20181128|
LHFUND|LHSTPLUS|4517047822.28|10.2622|10.2623|10.2622|10.2622|10.2623|20181128|
LHFUND|LHSTRATEGY-R|35295801.32|11.5601|11.6527|11.5601|11.5601|11.6527|20181128|
LHFUND|LHSTRATEGY-D|178718360.69|9.9766|10.0565|9.9766|9.9766|10.0565|20181128|
LHFUND|LHSTRATEGY-A|58260453.8|11.5616|11.6542|11.5616|11.5616|11.6542|20181128|
LHFUND|LHACTLTF-D|53395137.81|10.3826|10.3827|10.3826|10.3307|10.3827|20181128|
LHFUND|LHACTLTF-A|36732669.05|10.9264|10.9265|10.9264|10.8718|10.9265|20181128|
LHFUND|LHPROP-A|467281305.47|10.4439|10.5484|10.4439|10.4439|10.5484|20181128|
LHFUND|LHPROP-INFRA|162391163.57|10.6384|10.6917|10.6384|10.6384|10.6917|20181128|
LHFUND|LHSMART-LTF|168034018.64|11.0228|11.0229|11.0228|10.9677|11.0229|20181128|
LHFUND|LHMSFL-D|41621613.7|11.1588|11.2705|11.1588|11.1588|11.2705|20181128|
LHFUND|LHMSFL-A|56055285.03|14.1034|14.2445|14.1034|14.1034|14.2445|20181128|
LHFUND|LHSMART-D|871122055.7|10.3747|10.4785|10.3747|10.3747|10.4785|20181128|
LHFUND|LHIP-D|631644361.03|10.3143|10.4175|10.3143|10.3143|10.4175|20181128|
LHFUND|LHPROP-I|2197305880.37|10.8432|10.8975|10.8432|10.8432|10.8975|20181128|
LHFUND|LHTPROPRMF|104455819.47|13.6334|13.6335|13.5993|13.5993|13.6335|20181128|
LHFUND|LHMSFL-R|36905013.63|14.106|14.2472|14.106|14.106|14.2472|20181128|
LHFUND|LHTPROP|1620958386.32|11.8452|11.9045|11.8452|11.8452|11.9045|20181128|
LHFUND|LHGROWTH-R|4986622.08|14.5026|14.5027|14.4301|14.4301|14.5027|20181128|
LHFUND|LHGROWTH-D|57631080.1|10.0152|10.0153|9.9651|9.9651|10.0153|20181128|
LHFUND|LHGROWTH-A|98097289.01|14.5541|14.5542|14.4813|14.4813|14.5542|20181128|
LHFUND|LHFL|66498034.07|10.1212|10.2225|10.1212|10.1212|10.2225|20181128|
LHFUND|LHGOVRMF|22035283.03|10.6439|10.644|10.6439|10.6439|10.644|20181128|
LHFUND|LHFLRMF|158331301.8|14.1565|14.1566|14.1565|14.1565|14.1566|20181128|
LHFUND|LHGOV-D|64931.09|10.0863|10.0864|10.0863|10.0863|10.0864|20181128|
LHFUND|LHGOV-A|422085130.35|11.0339|11.034|11.0339|11.0339|11.034|20181128|
LHFUND|LHGOV-R|6105.27|10.9597|10.9598|10.9597|10.9597|10.9598|20181128|
LHFUND|LHEQD-D|35301191.8|7.0637|7.0638|7.039|7.039|7.0638|20181128|
LHFUND|LHEQD-A|255045544.29|13.8572|13.8573|13.8087|13.8087|13.8573|20181128|
LHFUND|LHEQD-R|5716195.56|13.8207|13.8208|13.7723|13.7723|13.8208|20181128|
LHFUND|LHDEBT-D|4671012.79|10.6046|10.6047|10.6046|10.6046|10.6047|20181128|
LHFUND|LHDEBT-A|931340810.81|11.3844|11.3845|11.3844|11.3844|11.3845|20181128|
LHFUND|LHDEBT-R|6608725.57|11.3676|11.3677|11.3676|11.3676|11.3677|20181128|
LHFUND|LHMM|4926676866.99|11.4052|11.4053|11.4052|11.4052|11.4053|20181128|
ABERDEEN|ABAG|132525618.5|21.5491|21.8724|21.5491|21.5491|21.8724|20181127|
ABERDEEN|ABAGS|580251565.65|11.6598|11.8348|11.6598|11.6598|11.8348|20181127|
ABERDEEN|ABAPAC|1194253824.53|18.2966|18.5711|18.2966|18.2966|18.5711|20181127|
ABERDEEN|ABAPAC-RMF|341662538.18|12.9662|12.9663|12.9662|12.9662|12.9663|20181127|
ABERDEEN|ABCC|1486828408.37|17.727|17.7271|17.727|17.727|17.7271|20181128|
ABERDEEN|ABCG|372708701.08|13.5831|13.7869|13.5831|13.5831|13.7869|20181127|
ABERDEEN|ABEG|243607662.62|8.15|8.2724|8.15|8.15|8.2724|20181127|
ABERDEEN|ABEHB|145160125.96|11.6962|11.8133|11.6962|11.6962|11.8133|20181127|
ABERDEEN|ABFC|329286240.1|7.6899|7.7092|0|0|7.7092|20181128|
ABERDEEN|ABG|12526639453.28|122.0314|122.0315|120.8111|120.7501|122.0315|20181128|
ABERDEEN|ABGEM|607380785.71|12.8431|13.0358|12.8431|12.8431|13.0358|20181127|
ABERDEEN|ABIG|557379695.19|15.9218|16.1607|15.9218|15.9218|16.1607|20181127|
ABERDEEN|ABINC|295758233.62|11.2176|11.2177|11.2176|11.2176|11.2177|20181128|
ABERDEEN|ABJO|365078245.36|12.2763|12.4605|12.2763|12.2763|12.4605|20181127|
ABERDEEN|ABLTF|11978855996.72|48.4322|48.4323|48.3111|48.3111|48.4323|20181128|
ABERDEEN|ABLTF 70/30|405624535.39|10.7357|10.7358|10.7089|10.7088|10.7358|20181128|
ABERDEEN|ABSC-RMF|5077306914.32|92.0618|92.0619|92.0618|92.0618|92.0619|20181128|
ABERDEEN|ABSI-RMF|454993090.69|12.4566|12.4567|12.4566|12.4566|12.4567|20181128|
ABERDEEN|ABSL|1390824010.22|47.0725|47.308|46.9548|46.9313|47.308|20181128|
ABERDEEN|ABSM|6108416117.82|47.8032|0|47.8032|47.8032|0|20181128|
ABERDEEN|ABTED|182180062.48|6.1694|6.2312|6.1694|6.1694|6.2312|20181128|
ABERDEEN|ABV|644334929.14|35.0213|35.1965|34.9337|34.9162|35.1965|20181128|
ABERDEEN|ABWOOF|373451683.45|12.2533|12.4372|12.2533|12.2533|12.4372|20181127|
ABERDEEN|AEOB|324818970.1|15.9383|16.0978|15.9383|15.9383|16.0978|20181127|
KASSET|K20SLTF|15310337917.92|16.6884|16.6885|16.4381|||20181128|
KASSET|K-2500|222987610.23|14.6962|14.6963|14.6595|||20181128|
KASSET|K-2510|187060186.48|16.3357|16.3358|16.2949|||20181128|
KASSET|K-2520|405903188.29|19.059|19.0591|19.0114|||20181128|
KASSET|K-2530|647591127.94|20.9547|20.9548|20.9023|||20181128|
KASSET|K70LTF|24743787461.18|16.531|16.5311|16.283|||20181128|
KASSET|KACB|4939953958.61|15.9611|16.0809|15.9611|||20181128|
KASSET|K-AEC|356994671.86|10.1711|10.3238|10.1711|||20181128|
KASSET|KAEQ|4465978335.75|102.5405|105.6168|99.4643|||20181128|
KASSET|K-AFIXED|1658474573.33|9.5741|9.6221|9.5741|||20181127|
KASSET|K-AGRI|93617707.97|4.1758|4.1822|4.1695|||20181127|
KASSET|K-APB|1257513345.72|9.2879|9.3344|9.2879|||20181126|
KASSET|K-ART|1684651528.38|9.7264|9.7751|9.7264|||20181127|
KASSET|KASF|1337911260.14|15.0543|15.1673|15.0543|||20181128|
KASSET|K-ASIA|1550337962.9|10.1414|10.2936|10.1414|||20181127|
KASSET|K-BANKING|285175918.51|12.2717|12.2841|12.2594|||20181128|
KASSET|KBLRMF|6828658969.22|27.0627|27.0628|27.0627|||20181128|
KASSET|K-CASH|10886705033.28|12.9385|12.9386|12.9385|||20181128|
KASSET|K-CBOND|8027459033.89|17.1973|17.1974|17.1973|||20181128|
KASSET|K-CCTV|0|10|0|0|||20181128|
KASSET|K-CHINA|9719644032.44|10.8089|10.9711|10.8089|||20181127|
KASSET|K-CHX|363410477.04|10.2676|10.2831|10.2522|||20181128|
KASSET|KDLTF|16109996322.63|19.5851|19.5852|19.2913|||20181128|
KASSET|K-ENERGY|398339048.69|13.5264|13.54|13.5129|||20181128|
KASSET|KEQLTF|13713817855.2|34.1545|34.1546|33.6422|||20181128|
KASSET|KEQRMF|7219346141.64|31.2631|31.2632|31.2631|||20181128|
KASSET|K-EQUITY|4468105945.74|17.673|17.8498|17.673|||20181128|
KASSET|KEURMF|289191371.83|12.2157|12.2158|12.2157|||20181127|
KASSET|K-EUROPE|5317408621.96|10.59|10.749|10.59|||20181127|
KASSET|K-EUSAGE|347774965.46|9.3288|9.4688|9.3288|||20181126|
KASSET|K-EUSMALL|1557456949.58|8.8494|8.9822|8.8494|||20181127|
KASSET|K-EUX|201197364.81|10.8677|10.8841|10.8514|||20181127|
KASSET|K-FEQ|1907193554.01|71.7506|71.7507|71.0331|||20181128|
KASSET|KFF1YFN|0|10|0|0|||20181128|
KASSET|KFF6MFY|0|10|0|0|||20181128|
KASSET|KFIRMF|6327235058.03|14.8339|14.834|14.8339|||20181128|
KASSET|K-FITL|120269456.17|9.8242|9.8734|9.7751|||20181127|
KASSET|K-FITM|47337192.34|9.9003|9.9499|9.8508|||20181127|
KASSET|K-FITS|8208222.58|9.9994|10.0495|9.9494|||20181127|
KASSET|K-FITXL|172360248.49|9.7883|9.8373|9.7394|||20181127|
KASSET|K-FIXED|52007623509.5|12.2489|12.249|12.2489|||20181128|
KASSET|K-FIXEDPLUS|10480655282.84|10.208|10.2081|10.208|||20181128|
KASSET|KFLRMF|14834069603.06|83.4096|83.4097|83.4096|||20181128|
KASSET|K-GA|8376409945.1|10.7776|10.9394|10.7776|||20181127|
KASSET|KGARMF|946697998.1|12.5145|12.5146|12.5145|||20181127|
KASSET|K-GB|180269647|9.2331|9.2794|9.2331|||20181127|
KASSET|KGBRMF|8934480580.38|14.0404|14.0405|14.0404|||20181128|
KASSET|KGDRMF|3866923590.32|10.4189|10.419|10.4189|||20181128|
KASSET|K-GEMO|2036919232.21|9.1259|9.2629|9.1259|||20181127|
KASSET|K-GHEALTH|8390229104.35|10.1257|10.2777|10.1257|||20181127|
KASSET|K-GHEALTH(UH)|751861014.78|9.9247|10.0737|9.9247|||20181127|
KASSET|KGHRMF|942730728.2|9.9074|9.9075|9.9074|||20181127|
KASSET|KGIFRMF|154772886.86|10.0454|10.0455|10.0454|||20181127|
KASSET|K-GINCOME-A(A)|485426465.95|10.6664|10.8265|10.6664|||20181127|
KASSET|K-GINCOME-A(R)|7349073773.8|10.6668|10.8269|10.6668|||20181127|
KASSET|K-GINFRA|1261566739.98|9.7157|9.8615|9.7157|||20181127|
KASSET|K-GLOBE|1468399133.06|8.1447|8.267|8.1447|||20181127|
KASSET|KGLTF|7152415880.2|17.6909|17.691|17.4255|||20181128|
KASSET|K-GOLD|9924863583.87|8.6338|8.6469|8.6208|||20181128|
KASSET|K-GPROP|406435576.42|9.6457|9.7905|9.6457|||20181127|
KASSET|K-GREAT|4631466284.2|9.5847|0|9.5847|||20181126|
KASSET|KGT5YA|0|10|0|0|||20181128|
KASSET|K-ICT|129158868.52|7.8277|7.8356|7.8199|||20181128|
KASSET|K-INDIA|2003006929.56|10.1406|10.2928|10.1406|||20181127|
KASSET|K-INDX|203050788.96|11.1709|11.1878|11.1541|||20181127|
KASSET|K-JP|3898189649.6|9.8987|10.0473|9.8987|||20181127|
KASSET|KJPRMF|442955357.79|12.5328|12.5329|12.5328|||20181127|
KASSET|K-JPX|287346707.17|12.1959|12.2143|12.1776|||20181128|
KASSET|K-MIDSMALL|2490872211.76|14.5026|14.6477|14.5026|||20181128|
KASSET|K-MONEY|64753285492.11|12.0914|12.0915|12.0914|||20181128|
KASSET|KMSLTF|1164696388.92|11.1882|11.1883|11.0204|||20181128|
KASSET|KMSRMF|3818381990.11|15.0655|15.0656|15.0655|||20181128|
KASSET|K-MVEQ|170625551|10.4885|10.5935|10.4885|||20181128|
KASSET|KMVLTF|151461548.45|10.4745|10.4746|10.3174|||20181128|
KASSET|K-OIL|1809763295.04|3.8434|3.8493|3.8376|||20181127|
KASSET|K-PLAN1|28216160356.3|12.5986|12.5987|12.5986|||20181128|
KASSET|K-PLAN2|3136006137.7|15.532|15.6098|15.532|||20181128|
KASSET|K-PLAN3|3489059270.85|19.0232|19.1184|19.0232|||20181128|
KASSET|K-PROP|12689018473.83|10.4485|10.5531|10.4485|||20181128|
KASSET|KS50LTF|866445795.03|12.1273|12.1274|11.9454|||20181128|
KASSET|KS50RMF|2083636010.47|13.3412|13.3413|13.3412|||20181128|
KASSET|KSDLTF|337215093.21|9.343|0|9.2029|||20181128|
KASSET|K-SELECT|822100562.62|8.1741|8.2559|8.1741|||20181128|
KASSET|K-SEMQ|6056915338.35|9.7428|9.889|9.7428|||20181127|
KASSET|K-SET50|5568073960.09|34.6017|34.6364|34.5671|||20181128|
KASSET|K-SF|170032254851.82|10.9773|10.9774|10.9773|||20181128|
KASSET|K-SFPLUS|76057506201.41|10.3887|10.3888|10.3887|||20181128|
KASSET|KSFRMF|3635462949.48|13.5355|13.5356|13.5355|||20181128|
KASSET|K-SGM|25526751165.13|10.5646|10.7232|10.5646|||20181126|
KASSET|K-STAR-A(A)|1111632824.43|40.431|40.6333|40.3299|||20181128|
KASSET|K-STAR-A(R)|2577096103.38|40.3873|40.5893|40.2863|||20181128|
KASSET|K-STEQ|496723375.89|37.8663|38.2451|37.8663|||20181128|
KASSET|KTF18MA|0|10|0|0|||20181128|
KASSET|KTHAICGRMF|165442286.95|9.5581|9.5582|9.5581|||20181128|
KASSET|K-TREASURY|15210607150.89|12.9252|12.9253|12.9252|||20181128|
KASSET|K-USA|6306898175.6|13.7107|13.9165|13.7107|||20181127|
KASSET|K-USXNDQ-A(D)|1187611796.69|13.6985|13.7191|13.678|||20181127|
KASSET|K-VALUE|4155949231.35|6.8843|6.9532|6.8843|||20181128|
KASSET|K-VIETNAM|158106931.41|10.234|10.3876|10.234|||20181128|
KASSET|RKBC|273683122.47|25.6773|25.8058|25.5489|||20181128|
KASSET|RKF4|394027276.41|7.1978|7.2699|7.1978|||20181128|
KSAM|KF-GLS|203787889.63|8.3866|8.5125|8.3866|8.3866|8.5125|20181126|
KSAM|KF-ORTFLEX|154652571.09|12.8195|13.0119|12.8195|12.8195|13.0119|20181127|
KSAM|KF-GBLVAL|51919451.16|10.8342|10.9968|10.8342|10.8342|10.9968|20181127|
KSAM|KF-BRIC|90495950.85|5.7434|5.8297|5.7434|5.7434|5.8297|20181127|
KSAM|KF-OIL|247908256.69|3.1117|3.1118|3.1117|3.1117|3.1118|20181127|
KSAM|KF-LATAM|189349414.57|7.1743|7.282|7.1743|7.1743|7.282|20181127|
KSAM|KF-TRB|235168813.38|11.9367|12.0263|11.9367|11.9367|12.0263|20181127|
KSAM|KF-US|176095981.55|17.6523|17.9172|17.6523|17.6523|17.9172|20181127|
KSAM|KF-EM|155253824.88|10.2944|10.4489|10.2944|10.2944|10.4489|20181127|
KSAM|KF-ELI|73151756.8|7.9093|7.9687|7.9093|7.9093|7.9687|20181127|
KSAM|KF-EUROPE|332886234.86|13.0016|13.1967|13.0016|13.0016|13.1967|20181127|
KSAM|KFHEALTH-D|6143418137.12|7.9291|8.0481|7.9291|7.9291|8.0481|20181127|
KSAM|KF-SMCAPD|94662866.36|8.8601|8.9931|8.8601|8.8601|8.9931|20181127|
KSAM|KF-HEUROPE|1508309800.32|12.7824|12.9742|12.7824|12.7824|12.9742|20181127|
KSAM|KFEURORMF|121870338.83|11.6221|11.6222|11.6221|11.6221|11.6222|20181127|
KSAM|KFHCARERMF|1067861055.22|10.9721|10.9722|10.9721|10.9721|10.9722|20181127|
KSAM|KF-INCOME|2595366292.07|10.9845|11.1494|10.9845|10.9845|11.1494|20181127|
KSAM|KF-HJAPAND|1496651506.93|8.7621|8.8936|8.7621|8.7621|8.8936|20181127|
KSAM|KF-HCHINAD|1522354921.63|8.509|8.6367|8.509|8.509|8.6367|20181127|
KSAM|KFAINCOM-R|3270621800.6|10.705|10.8657|10.705|10.705|10.8657|20181127|
KSAM|KF-CINCOME|1056070928.18|10.1084|10.2601|10.1084|10.1084|10.2601|20181127|
KSAM|KFJAPANRMF|83004707.27|9.4846|9.4847|9.4846|9.4846|9.4847|20181127|
KSAM|KF-GPROPD|74404338.85|8.7411|8.8723|8.7411|8.7411|8.8723|20181127|
KSAM|KF-GBRAND|849756368.02|9.9304|10.0795|9.9304|9.9304|10.0795|20181127|
KSAM|KF-SINCOME|1643766628.55|10.3788|10.4827|10.3788|10.3788|10.4827|20181127|
KSAM|KF-CSINCOM|11868542338.78|10.3691|10.4729|10.3691|10.3691|10.4729|20181127|
KSAM|KFSINCRMF|298815443.46|10.3576|10.3577|10.3576|10.3576|10.3577|20181127|
KSAM|KFGBRANRMF|311259219.39|11.4142|11.4143|11.4142|11.4142|11.4143|20181127|
KSAM|KF-GTECH|1170942969.34|10.2325|10.3861|10.2325|10.2325|10.3861|20181127|
KSAM|KF-HUSINDX|183345389.02|11.195|11.2511|11.195|11.195|11.2511|20181127|
KSAM|KF-JPSCAP|839753651.38|11.6087|11.7829|11.6087|11.6087|11.7829|20181127|
KSAM|KF-JPSCAPD|931619106.87|9.9355||9.9355|9.9355||20181127|
KSAM|KF-HSMUS|157789934.42|10.1864|10.3393|10.1864|10.1864|10.3393|20181127|
KSAM|KFMINCOM-R|1266939630.58|9.9228|10.0717|9.9228|9.9228|10.0717|20181127|
KSAM|KF-INDIA|856905444.88|9.0856|9.222|9.0856|9.0856|9.222|20181127|
KSAM|KFCHINARMF|133543330.54|9.2991|9.2992|9.2991|9.2991|9.2992|20181127|
KSAM|KFGTECHRMF|204956274.51|8.7683|8.7684|8.7683|8.7683|8.7684|20181127|
KSAM|KFHEALTH-A|136969383.19|8.408|8.5342|8.408|8.408|8.5342|20181127|
KSAM|KFAINCOM-A|1180820030.31|10.7056|10.8663|10.7056|10.7056|10.8663|20181127|
KSAM|KFMINCOM-A|341105163.59|9.9235|10.0725|9.9235|9.9235|10.0725|20181127|
KSAM|KFACHINA-A|2431938036.46|7.4107|7.522|7.4107|7.4107|7.522|20181127|
KSAM|KFHASIA-A|670901801.89|8.3401|8.4653|8.3401|8.3401|8.4653|20181127|
KSAM|KFVIET-A|598100307.76|8.5551|8.6835|8.5551|8.5551|8.6835|20181127|
KSAM|KFINDIARMF|1073076.86|10.0788|10.0789|10.0788|10.0788|10.0789|20181127|
KSAM|KFSEQ-D|2837825436.03|7.9723|8.0123|7.9324|7.9524|8.0123|20181128|
KSAM|KFSEQ|2595280795.14|28.9573|29.1022|28.8125|28.8849|29.1022|20181128|
KSAM|KFDYNAMIC|2000723384.34|37.5325|37.7203|37.3448|37.4387|37.7203|20181128|
KSAM|KFTW2|803673890.35|72.239|72.2391|70.7942|||20181128|
KSAM|KFGROWTH-D|697527548.13|7.1032|7.1743|7.1032|7.1032|7.1743|20181128|
KSAM|KFGOVRMF|5359759339.13|14.4343|14.4344|14.4343|14.4343|14.4344|20181128|
KSAM|KFTSRMF|3335623057.29|73.7696|73.7697|73.7696|73.7696|73.7697|20181128|
KSAM|KFCASHRMF|1486761096.39|13.0365|13.0366|13.0365|13.0365|13.0366|20181128|
KSAM|KFSPLUS|59786899693.86|20.7626|20.7627|20.7626|20.7626|20.7627|20181128|
KSAM|KFSMUL|1483083882.34|18.0453|18.0454|18.0453|18.0453|18.0454|20181128|
KSAM|KFCASH|18291166681.67|13.1215|13.1216|13.1215|13.1215|13.1216|20181128|
KSAM|KFLTF50|3109918455.17|36.5598|36.5599|36.377|36.4684|36.5599|20181128|
KSAM|KFLTFDIV|39280356013.37|25.8118|25.8119|25.6827|25.7473|25.8119|20181128|
KSAM|KFMTFI|8008125833.75|15.2808|15.2809|15.2808|15.2808|15.2809|20181128|
KSAM|KFS100RMF|2035623805.16|35.0784|35.0785|35.0784|35.0784|35.0785|20181128|
KSAM|KFMTFI-D|3515201685.84|10.0645|10.0646|10.0645|10.0645|10.0646|20181128|
KSAM|KFLTFEQ|3302019916.2|29.9531|30.0131|29.8932|29.8932|30.0131|20181128|
KSAM|KFEQRMF|2085257855.4|30.2262|30.2868|30.1657|30.1657|30.2868|20181128|
KSAM|KFFLEX|439837516.44|26.728|26.7816|26.6745|26.6745|26.7816|20181128|
KSAM|KFSDIV|20517158389.74|9.6597|9.6791|9.6404|9.6404|9.6791|20181128|
KSAM|KFLTFD70|7476716375.61|16.4412|16.4742|16.4083|16.4083|16.4742|20181128|
KSAM|KFENSET50|1885958727.57|25.2753|25.326|25.2247|25.2247|25.326|20181128|
KSAM|KFCASHPLUS|1985434050.61|12.0455|12.0456|12.0455|12.0455|12.0456|20181128|
KSAM|KFDIVRMF|10322393871.32|30.9193|30.9812|30.8575|30.8575|30.9812|20181128|
KSAM|KF-GOLD|497669838.08|10.6274|10.6434|10.6115|10.6115|10.6434|20181128|
KSAM|KFGOLDRMF|844563408.14|10.0918|10.107|10.0767|10.0767|10.107|20181128|
KSAM|KFFLEX-D|2008136167.17|7.7171|7.7172|7.7171|7.7171|7.7172|20181128|
KSAM|KFMTFIRMF|249293578.04|13.302|13.3021|13.302|13.302|13.3021|20181128|
KSAM|KFLTGOVRMF|396756233.33|13.4267|13.4268|13.4267|13.4267|13.4268|20181128|
KSAM|KFFLEX2RMF|1142546972.77|59.2351|59.2352|59.2351|59.2351|59.2352|20181128|
KSAM|KFFIN-D|2583213964.07|9.5668|9.5669|9.5668|9.5668|9.5669|20181128|
KSAM|KFVALUE|1227170562.27|35.2938|35.2939|35.2938|35.2938|35.2939|20181128|
KSAM|KFDNM-D|590039640.65|11.2959|11.296|11.2394|11.2394|11.296|20181128|
KSAM|KFLTFA50-D|3156991455.01|24.2306|24.2307|24.2306|24.2306|24.2307|20181128|
KSAM|KFLTFEQ70D|719733396.92|16.1814|16.1815|16.1814|16.1814|16.1815|20181128|
KSAM|KF-CHINA|641295925.91|9.9514|9.9764|9.9265|9.9265|9.9764|20181128|
KSAM|KF-HGOLD|130074819.31|7.4103|7.4215|7.3992|7.3992|7.4215|20181128|
KSAM|KFLS20PLUS|52772177.37|11.971|11.9891|11.953|11.953|11.9891|20181128|
KSAM|KFMX2TM|183255001.5|10.779|10.7829||||20181128|
KSAM|KFMXPLS2TM|1336561526.33|11.0219|11.0281||||20181128|
KSAM|KFTHAISM|653828884.23|12.9784|13.1343|12.9524|12.9524|13.1343|20181128|
KSAM|KFSMART|44701229322.66|10.3868|10.3869|10.3868|10.3868|10.3869|20181128|
KSAM|KFAFIX|14761043750.88|10.4215|10.4216|10.4215|10.4215|10.4216|20181128|
KSAM|KFLTFAST-D|990172681.64|10.3776|10.3985|10.3049|10.3049|10.3985|20181128|
KSAM|KFLTFTSM-D|1006986052.67|9.6601||9.5925|9.5925||20181128|
KSAM|KFTSTAR-D|2449599910.12|8.8156|8.9039|8.8156|8.8156|8.9039|20181128|
KSAM|KF-HJPINDX|187781166.03|11.7328|11.7916|11.7328|11.7328|11.7916|20181128|
KSAM|KFHAPPY|7106968241.97|10.2618|10.3132|10.2618|10.2618|10.3132|20181128|
KSAM|KFTHAICG|132948977.41|10.1596|10.2613|10.1596|10.1596|10.2613|20181128|
KSAM|KFHAPPYRMF|467503645.02|9.9335|9.9336|9.9335|9.9335|9.9336|20181128|
KSAM|KFSTARRMF|616472767.41|8.8838|8.9017|8.866|8.866|8.9017|20181128|
KSAM|KFLTFSTARD|2548700938.17|8.8466|8.8644|8.7847|8.7847|8.8644|20181128|
KSAM|KFTSTAR-A|320793170.47|10.0052|10.1054|10.0052|10.0052|10.1054|20181128|
KSAM|KFGROWTH-A|24688723.8|7.8785|7.9574|7.8785|7.8785|7.9574|20181128|
KSAM|KFGOOD|3460113754.67|9.959|10.0238|9.959|9.959|10.0238|20181128|
KSAM|KFFIF6M31|8082653574.42|10.0422|||||20181128|
KSAM|KFFIF6M32|4624691627.64|10.0399|||||20181128|
KSAM|KFFIF1Y19|4255033220.12|10.0529|||||20181128|
KSAM|KFFIF1Y20|3563538656.91|10.0493|||||20181128|
KSAM|KFLTFDNM-D|46826572.06|10.3176|10.3383|10.2454|10.2454|10.3383|20181128|
KSAM|KFAFIXRMF|2727504.87|9.9942|9.9943|9.9942|9.9942|9.9943|20181128|
KSAM|KFDNMRMF|15475905.61|10.3206|10.3413|10.3|10.3|10.3413|20181128|
KSAM|KFGOODRMF|16168038.82|10.0137|10.0138|10.0137|10.0137|10.0138|20181128|
MANULIFE|MN-APREIT-A|520030895.54|10.4047|10.5609|10.4047|10.4047|10.5609|20181128|
MANULIFE|MN-APREIT-R|10761232|10.4035|10.5597|10.4035|10.4035|10.5597|20181128|
MANULIFE|MS-AMERICAN|5954154.35|16.769|17.0206|16.769|16.769|17.0206|20181127|
MANULIFE|MS-ASIAN SM|1171267093.12|14.6333|14.8529|14.6333|14.6333|14.8529|20181127|
MANULIFE|MS-ASM RMF|43086131.55|8.2808|8.2809|8.2808|8.2808|8.2809|20181127|
MANULIFE|MS-CHINA VALUE|393232899.63|14.2464|14.4602|14.2464|14.2464|14.4602|20181127|
MANULIFE|MS-CORE EQ|55068509.35|33.4387|33.5224|33.4387|33.4387|33.5224|20181128|
MANULIFE|MS-CORE LTF|972611615.43|34.8592|34.8593|34.8592|34.8592|34.8593|20181128|
MANULIFE|MS-EE EURO|59176683.94|5.269|5.3481|5.269|5.269|5.3481|20181127|
MANULIFE|MS-EQ DIV|163274258.09|10.4959|10.5222|10.4959|10.4959|10.5222|20181128|
MANULIFE|MS-EUROPE-A|8095043.39|8.7327|8.8638|8.7327|8.7327|8.8638|20181127|
MANULIFE|MS-EUROPE-D|14603279.23|8.7349|8.866|8.7349|8.7349|8.866|20181127|
MANULIFE|MS-FFI3Y|1712239093.88|10.5397|10.5398|10.5397|10.5397|10.5398|20181127|
MANULIFE|MS-FLEX RMF|43407891.25|21.3397|21.3398|21.3397|21.3397|21.3398|20181128|
MANULIFE|MS-HCARE-A|59515491.02|11.9502|12.1296|11.9502|11.9502|12.1296|20181127|
MANULIFE|MS-HCARE-D|20272048.22|10.0267|10.1772|10.0267|10.0267|10.1772|20181127|
MANULIFE|MS-INDIA-A|48482430.5|11.2994|11.469|11.2994|11.2994|11.469|20181127|
MANULIFE|MS-INDIA-D|11805739.07|7.4147|7.526|7.4147|7.4147|7.526|20181127|
MANULIFE|MS-MONEY|97181888.55|11.5039|11.504|11.5039|11.5039|11.504|20181128|
PHATRA ASSET|KK GOLD 7%#1|53500255.29|5.8734|5.8735|5.8734|5.8734|5.8735|20181127|
PHATRA ASSET|PHATRA GHC|187217982.33|15.7428|15.9003|15.7428|15.7428|15.9003|20181127|
PHATRA ASSET|PHATRA GNP|2245450139.61|10.9647|11.0744|10.9647|10.9647|10.9648|20181127|
PHATRA ASSET|PHATRA GNP-H|551826929.62|9.1482|9.2398|9.1482|9.1482|9.1483|20181127|
PHATRA ASSET|PHATRA GNP-H-U|551826929.62|9.1482|9.1483|9.1482|9.1482|9.1483|20181127|
PHATRA ASSET|PHATRA GNP-U|2245450139.61|10.9647|10.9648|10.9647|10.9647|10.9648|20181127|
PHATRA ASSET|PHATRA G-UBOND-H|2003531612.03|9.6142|9.6864|9.6142|9.6142|9.6864|20181127|
PHATRA ASSET|PHATRA G-UBOND-H-U|2003531612.03|9.6142|9.6143|9.6142|9.6142|9.6143|20181127|
PHATRA ASSET|PHATRA SG-AA|11516201390.53|13.7934|13.8673|13.7934|13.7934|13.8673|20181127|
PHATRA ASSET|PHATRA SG-AA-U|11516201390.53|13.7934|13.7935|13.7934|13.7934|13.7935|20181127|
PHATRA ASSET|PHATRA ACT EQ-A|34558241.04|16.8107|16.8949|16.8107|16.8107|16.8949|20181128|
PHATRA ASSET|PHATRA ACT EQ-A-U|34558241.04|16.8107|16.8108|16.8107|16.8107|16.8108|20181128|
PHATRA ASSET|PHATRA ACT EQ-D|1622520657.93|16.3431|16.4249|16.3431|16.3431|16.4249|20181128|
PHATRA ASSET|PHATRA ACT EQ-D-U|1622520657.93|16.3431|16.3432|16.3431|16.3431|16.3432|20181128|
PHATRA ASSET|PHATRA ACT FIXED|549665642.2|10.4843|10.4844|10.4843|10.4843|10.4844|20181128|
PHATRA ASSET|PHATRA BLRMF|234490652.79|30.3295|30.3296|30.3295|30.3295|30.3296|20181128|
PHATRA ASSET|PHATRA DIVIDEND|311742605.62|11.9047|11.9643|11.9047|11.9047|11.9643|20181128|
PHATRA ASSET|PHATRA EQRMF|1258604508.93|40.1004|40.1005|40.1004|40.1004|40.1005|20181128|
PHATRA ASSET|PHATRA INRMF|110552391.31|13.8012|13.8013|13.8012|13.8012|13.8013|20181128|
PHATRA ASSET|PHATRA LTFD|5419203496.87|26.3176|26.3177|26.3176|26.3176|26.3177|20181128|
PHATRA ASSET|PHATRA MMRMF|38362002.32|11.5191|11.5192|11.5191|11.5191|11.5192|20181128|
PHATRA ASSET|PHATRA MP|9349492014.87|11.9307|11.9308|11.9307|11.9307|11.9308|20181128|
PHATRA ASSET|PHATRA PLUS|9671970831.53|13.6096|13.6097|13.6096|13.6096|13.6097|20181128|
PHATRA ASSET|PHATRA PROP|1230740641.74|20.6007|20.6523|20.6007|20.6007|20.6523|20181128|
PHATRA ASSET|PHATRA PROP-D|567796267.42|12.9946|13.0272|12.9946|12.9946|13.0272|20181128|
PHATRA ASSET|PHATRA PROP-D-U|567796267.42|12.9946|12.9947|12.9946|12.9946|12.9947|20181128|
PHATRA ASSET|PHATRA PROPRMF|196161517.87|19.4128|19.4129|19.3157|19.4128|19.4129|20181128|
PHATRA ASSET|PHATRA SM CAP|1538264133.51|11.9278|12.0472|11.9278|11.9278|12.0472|20181128|
PHATRA ASSET|PHATRA SMART MV|485282386.6|11.437|11.4371|11.437|11.437|11.4371|20181128|
PHATRA ASSET|PHATRA SmartMV LTF|180047381.52|10.7919|10.792|10.7919|10.7919|10.792|20181128|
ONEAM|ONE-G|111444921.49|52.9753|53.5052|52.9753|52.9753|53.5052|20181128|
ONEAM|SYRUS-M|59652543.12|14.5195|14.675|14.4807|14.4807|14.675|20181128|
ONEAM|ONE-UB 3|94149524.98|14.9044|15.064|14.9044|14.9044|15.064|20181128|
ONEAM|ONE+1|184197429.98|12.2597|12.391|12.2597|12.2597|12.391|20181128|
ONEAM|ONE-FAS|288120279.74|7.9765|7.9766|0|0|7.9766|20181128|
ONEAM|ONE-EQ|86302249.33|15.5422|15.7086|15.5422|15.5422|15.7086|20181128|
ONEAM|THANA1|160229990.22|13.8439|13.9921|13.8439|13.8439|13.9921|20181128|
ONEAM|ONE-FAR|351259170.57|24.8379|24.838|24.8379|24.8379|24.838|20181128|
ONEAM|ONE-FLEX|45029737.63|16.6583|16.6584|16.6583|16.6583|16.6584|20181128|
ONEAM|M-RMF|137576666.35|13.5456|13.5457|13.5456|13.5456|13.5457|20181128|
ONEAM|F-RMF|204763597.22|15.3475|15.3476|15.3475|15.3475|15.3476|20181128|
ONEAM|V-RMF|756493905.29|84.4305|84.4306|84.4305|84.4305|84.4306|20181128|
ONEAM|FLEXAR|413667580.39|36.2166|36.2167|36.2166|36.2166|36.2167|20181128|
ONEAM|1AMSET50-RA|3445058168.48|63.0541|63.2229|62.8965|62.8965|63.2229|20181128|
ONEAM|FLEX-RMF|319290276.7|27.081|27.0811|27.081|27.081|27.0811|20181128|
ONEAM|1S-LTF|396180525.45|21.7621|21.7622|21.7621|21.7621|21.7622|20181128|
ONEAM|1VAL-D|428535553.93|16.4497|16.4938|16.4086|16.4086|16.4938|20181128|
ONEAM|1SG-LTF|774290625.18|35.4616|35.4617|35.4616|35.4616|35.4617|20181128|
ONEAM|1AM-GEM|12480622.89|9.0391|9.1359|9.0149|9.0149|9.1359|20181126|
ONEAM|1AM-DAILY|1770955848.34|12.1353|12.1354|12.1353|12.1353|12.1354|20181128|
ONEAM|1GLOBALBOND|10708767.89|11.1465|11.1466|11.1465|11.1465|11.1466|20181126|
ONEAM|1US-OPP|101705277.75|12.6973|12.9012|12.6973|12.6973|12.9012|20181126|
ONEAM|1AM-TG|371145343.53|11.8886|11.8887|11.8886|11.8886|11.8887|20181128|
ONEAM|ONE-EC14|743365611.73|10.0544|10.0545|10.0544|10.0544|10.0545|20181128|
ONEAM|GOLD-RMF|114992025.78|9.1243|9.1244|9.1015|9.1015|9.1244|20181128|
ONEAM|ONE-CHINA|21768713.36|9.7309|9.7553|9.7066|9.7066|9.7553|20181128|
ONEAM|ONEPROP-SG|326794084.64|14.7036|14.861|0|0|14.861|20181126|
ONEAM|ONEPROP-RMF|93540605.5|12.7755|12.7756|0|0|12.7756|20181128|
ONEAM|ONEPROP-D|742077267.39|10.5543|10.5808|0|0|10.5808|20181128|
ONEAM|ONE-PREMIER|53902475.45|10.336|10.3637|0|0|10.3637|20181127|
ONEAM|ONE-HYPER|424990752.38|10.7152|10.7153|0|0|10.7153|20181128|
ONEAM|ONE-GLOBALEQ|39327743.18|9.3475|9.4411|9.3475|9.3475|9.4411|20181127|
ONEAM|ONE-ACTIVE6/2|26326684.05|5.6246|5.6247|5.6246|5.6246|5.6247|20181127|
ONEAM|ONE-DI|526463472.99|10.8487|10.8488|0|0|10.8488|20181128|
ONEAM|ONE-DI2|1216472324.31|10.2346|10.2347|0|0|10.2347|20181128|
ONEAM|ONE-NORTH10|49757790.49|8.8812|9.0145|8.8546|8.8546|9.0145|20181128|
ONEAM|ONE-ULTRA|679214983.03|9.7418|9.888|0|0|9.888|20181127|
ONEAM|ONE-NIPPON|25828426.92|9.5454|9.641|9.5454|9.5454|9.641|20181128|
ONEAM|ONE-HOSPITAL|121766776.93|9.8743|9.9731|9.8743|9.8743|9.9731|20181128|
ONEAM|ONE-ACT|260459018.13|10.0915|10.1925|10.0915|10.0915|10.1925|20181128|
ONEAM|ONE-UGG|2849173908.33|16.6743|16.8828|16.6743|16.6743|16.8828|20181127|
ONEAM|ONE-ACT70LTF|47170113.56|10.4105|10.4106|10.4105|10.4105|10.4106|20181128|
ONEAM|ONE-SHARIAHLTF|17494312.72|9.6678|9.6679|9.6678|9.6678|9.6679|20181128|
ONEAM|ONE-UGERMF|120164781.38|12.1583|12.1584|12.1583|12.1583|12.1584|20181127|
ONEAM|ONE-FIXED-A|4156335741.24|10.2749|10.275|10.2749|10.2749|10.275|20181128|
ONEAM|ONE-POWER|205888437.32|10.448|10.5526|10.448|10.448|10.5526|20181128|
ONEAM|ONE-GUS|27703552.75|9.5896|9.6856|9.5896|9.5896|9.6856|20181127|
ONEAM|ONE-APACPROP|61246766.93|9.6938|9.7908|9.6938|9.6938|9.7908|20181128|
ONEAM|ONE-GLOBHY-R|7445332.51|9.971|10.021|9.971|9.971|10.021|20181126|
ONEAM|ONE-GLOBHY-I|190077342.17|9.9971|10.0222|9.9971|9.9971|10.0222|20181126|
ONEAM|ONE-TOP5M|123270361.08|8.7711|8.7712|8.7711|8.7711|8.7712|20181128|
ONEAM|ONE-GLOBFIN-RA|363534688.33|8.6186|8.757|8.6186|8.6186|8.757|20181127|
ONEAM|ONE-GLOBFIN-IA|371828227.04|8.6538|8.7465|8.6538|8.6538|8.7465|20181127|
ONEAM|ONE-GLOBFIN-RD|89365518.27|8.6186|8.757|8.6186|8.6186|8.757|20181127|
ONEAM|ONE-GLOBFIN-ID|93021903.43|8.6538|8.7465|8.6538|8.6538|8.7465|20181127|
ONEAM|ONE-INDIAOPP-RA|46998792.49|9.4387|9.5903|9.4387|9.4387|9.5903|20181127|
ONEAM|ONE-INDIAOPP-IA|0|9.4428|9.5439|9.4428|9.4428|9.5439|20181127|
ONEAM|ONE-INDIAOPP-RD|9662168.13|9.4386|9.5902|9.4386|9.4386|9.5902|20181127|
ONEAM|ONE-INDIAOPP-ID|23678408.63|9.4529|9.5541|9.4529|9.4529|9.5541|20181127|
ONEAM|ONE-VIETNAM-RA|781185136.25|8.0867|8.2166|8.0867|8.0867|8.2166|20181127|
ONEAM|ONE-EUROEQ|348924518.05|9.7001|9.8457|9.7001|9.7001|9.8457|20181127|
ONEAM|1AMSET50-RU|383748565.37|63.0223|63.3596|63.0223|63.0223|63.3596|20181128|
ONEAM|ONE-ALLCHINA-RA|363945291.03|9.8058|9.9633|9.8058|9.8058|9.9633|20181127|
ONEAM|ONE-FIXED-P|1500092655.12|10.275|10.2751|10.275|10.275|10.2751|20181128|
UOBAM|70/30-D LTF|948497227.19|18.5428|18.5429|18.5428|18.5428|18.5429|20181128|
UOBAM|ADR-D|53190549.06|8.2249|8.3073|8.2249|8.2249|8.3073|20181127|
UOBAM|ASIA-B|196180851.43|21.1325|21.3439|21.1325|21.1325|21.3439|20181127|
UOBAM|ASIA-E|17938871.09|8.7551|8.8865|8.7551|8.7551|8.7552|20181127|
UOBAM|BIG CAP-D LTF|1182040972.4|21.6693|21.6694|21.6693|21.6693|21.6694|20181128|
UOBAM|BRIC|164293597.85|7.7708|7.8875|7.7708|7.7708|7.8875|20181127|
UOBAM|CG-LTF|11942891052.87|56.7816|57.3495|56.7816|56.7816|57.3495|20181128|
UOBAM|CG-RMF|930687506.68|11.1365|11.1366|11.1365|11.1365|11.1366|20181128|
UOBAM|CPRMF1|44074148.35|16.4775|17.4776|15.4775|15.4775|17.4776|20181128|
UOBAM|CPRMF2|58807293.08|14.8298|14.8299|14.8298|14.8298|14.8299|20181128|
UOBAM|CPRMF3|92528876.65|15.7157|16.5016|14.9299|14.9299|16.5016|20181128|
UOBAM|CPRMF4|83928066.68|15.5831|16.3624|14.8039|14.8039|16.3624|20181128|
UOBAM|CPRMF5|66689261.44|15.3148|16.0806|14.5491|14.5491|16.0806|20181128|
UOBAM|EHD|211116643.14|8.7369|8.8681|8.7369|8.7369|8.8681|20181127|
UOBAM|ERMF|1689501027.1|95.5907|95.5908|95.5907|95.5907|95.5908|20181128|
UOBAM|GBRMF|295248235|14.1131|14.1132|14.1131|14.1131|14.1132|20181128|
UOBAM|GC|18489983.59|13.2411|13.4398|13.2411|13.2411|13.4398|20181127|
UOBAM|JSM|1301051361.87|19.4907|19.7832|19.4907|19.4907|19.7832|20181127|
UOBAM|KKF|14060750.26|3.3779|3.378|3.3526|3.3526|3.378|20181128|
UOBAM|KPLUS|229407299.88|7.3547|7.3548|7.3547|7.3547|7.3548|20181128|
UOBAM|KPLUS2|116374209.19|7.2358|7.2359|7.2358|7.2358|7.2359|20181128|
UOBAM|MIX-D1585|133003264.63|10.2266|10.329|10.2266|10.2266|10.329|20181128|
UOBAM|SVRMF|294104942.64|13.2202|13.2203|13.2202|13.2202|13.2203|20181128|
UOBAM|TBF|744559943.83|11.5037|11.6188|11.5037|11.5037|11.6188|20181128|
UOBAM|TCMF|3054195623.21|14.8756|14.8757|14.8756|14.8756|14.8757|20181128|
UOBAM|TCMFENJOY|1138505556.63|11.4317|11.4318|11.4317|11.4317|11.4318|20181128|
UOBAM|TCMF-I|1123026726.8|14.9066|14.9067|14.9066|14.9066|14.9067|20181128|
UOBAM|TDF|74686032.11|4.7068|4.7775|4.7068|4.7068|4.7775|20181128|
UOBAM|TEF|1628052504.45|72.6299|73.3563|72.6299|72.6299|73.3563|20181128|
UOBAM|TEF-DIV|348187264.16|10.2939|10.3969|10.2939|10.2939|10.3969|20181128|
UOBAM|TFIF|1718848691.97|15.7256|15.7257|15.7256|15.7256|15.7257|20181128|
UOBAM|UAI|82873594.88|9.7396|9.8858|9.7396|9.7396|9.8858|20181127|
UOBAM|UDB-A|101936031.09|9.7438|9.8413|9.7438|9.7438|9.8413|20181127|
UOBAM|UDB-N|841761272.32|9.7438|9.8413|9.7438|9.7438|9.8413|20181127|
UOBAM|UEMIF-A|80872256.62|8.5191|8.647|8.5191|8.5191|8.647|20181127|
UOBAM|UEMIF-N|3309900293.41|8.5192|8.6471|8.5192|8.5192|8.6471|20181127|
UOBAM|UES|523135331.64|9.8809|10.0292|9.8809|9.8809|10.0292|20181127|
UOBAM|UFIN-A|976429210.47|10.6634|10.7701|10.6634|10.6634|10.7701|20181126|
UOBAM|UFIN-N|1123326494.06|10.6634|10.7701|10.6634|10.6634|10.7701|20181126|
UOBAM|UFLINK|2328462828.06|10.2946|10.3976|10.2946|10.2946|10.3976|20181128|
UOBAM|UFLINK2|2551402125.43|10.2611|10.3638|10.2611|10.2611|10.3638|20181128|
UOBAM|UGARS|27646350.13|9.4413|9.583|9.4413|9.4413|9.583|20181127|
UOBAM|UGD|432535213.33|10.9529|11.1173|10.9529|10.9529|11.1173|20181127|
UOBAM|UGEAR|1678259916.02|9.4175|9.5589|9.4175|9.4175|9.5589|20181127|
UOBAM|UGH|801236708.95|12.4132|12.5995|12.4132|12.4132|12.5995|20181127|
UOBAM|UGIS-A|2541143681.18|10.1996|10.3017|10.1996|10.1996|10.3017|20181127|
UOBAM|UGIS-N|10948889367.28|10.1997|10.3018|10.1997|10.1997|10.3018|20181127|
UOBAM|UGISRMF|46100542.66|9.697|9.6971|9.697|9.697|9.6971|20181127|
UOBAM|UGMAC|691342855.53|10.8721|11.0353|10.8721|10.8721|11.0353|20181127|
UOBAM|UGQG|0|10|10.15|10|10|10.15|20181128|
UOBAM|UGQGRMF|0|10|10|10|10|10|20181128|
UOBAM|UGSE|53965439.21|10.2878|10.4422|10.2878|10.2878|10.4422|20181126|
UOBAM|UHCRMF|278705680.29|10.1728|10.1729|10.1728|10.1728|10.1729|20181127|
UOBAM|UIDPLUS|27457334403.23|10.4006|10.4007|10.4006|10.4006|10.4007|20181128|
UOBAM|UIF-A|3023488264.44|10.5465|10.7048|10.5465|10.5465|10.7048|20181127|
UOBAM|UIF-N|3717179812.54|10.5466|10.7049|10.5466|10.5466|10.7049|20181127|
UOBAM|UIFRMF|82456434.03|9.9064|9.9065|9.9064|9.9064|9.9065|20181127|
UOBAM|UJRES|262750456.67|10.3908|10.5468|10.3908|10.3908|10.5468|20181127|
UOBAM|UNI|322617644.38|9.7382|9.8844|9.7382|9.7382|9.8844|20181127|
UOBAM|UOBEQRMF|1935246057.05|82.7915|82.7916|82.7915|82.7915|82.7916|20181128|
UOBAM|UOBGARMF|19152235.97|9.7574|9.7575|9.7574|9.7574|9.7575|20181127|
UOBAM|UOBGBRMF|785646456.08|14.4485|14.4486|14.4485|14.4485|14.4486|20181128|
UOBAM|UOBGRMF-H|67777017.17|7.1945|7.1946|7.1945|7.1945|7.1946|20181128|
UOBAM|UOBID|4538223253.91|11.6753|11.6754|11.6753|11.6753|11.6754|20181128|
UOBAM|UOBLTF|3974216070.91|41.5501|41.5502|41.5501|41.5501|41.5502|20181128|
UOBAM|UOBSA|126300734.09|8.2679|8.392|8.2679|8.2679|8.392|20181127|
UOBAM|UOBSAAA|27676270.77|9.5961|9.7401|9.5961|9.5961|9.7401|20181127|
UOBAM|UOBSAI|832639982.64|9.7142|9.86|9.7142|9.7142|9.86|20181127|
UOBAM|UOBSAS100|298438401.48|36.1944|36.3755|36.0134|36.0134|36.3755|20181128|
UOBAM|UOBSAS100D|237351340.88|13.1785|13.2445|13.1456|13.1456|13.2445|20181128|
UOBAM|UOBSC|18623043.8|1.9762|2.0059|1.9762|1.9762|2.0059|20181126|
UOBAM|UOBSCI-D|28535019.75|11.3375|11.5077|11.3375|11.3375|11.5077|20181127|
UOBAM|UOBSCI-N|500088649.36|12.561|12.7495|12.561|12.561|12.7495|20181127|
UOBAM|UOBSD|4552508508.1|12.6773|12.6774|12.6773|12.6773|12.6774|20181128|
UOBAM|UOBSDF|530773037.38|23.1317|23.2475|23.016|23.016|23.2475|20181128|
UOBAM|UOBSG - H|132748840.27|6.9436|6.9506|6.9367|6.9367|6.9506|20181128|
UOBAM|UOBSGA|38423329.46|9.9455|10.0948|9.9455|9.9455|10.0948|20181127|
UOBAM|UOBSGB|21503083.37|11.4776|11.5925|11.4776|11.4776|11.5925|20181127|
UOBAM|UOBSGC|98996746.92|8.3869|8.5128|8.3869|8.3869|8.5128|20181127|
UOBAM|UOBSG-D|2743897.48|8.479|8.4918|8.4663|8.4663|8.4918|20181127|
UOBAM|UOBSG-N|53196935.04|8.9982|9.0118|8.9847|8.9847|9.0118|20181127|
UOBAM|UOBSHC|1543111834.15|12.4615|12.6485|12.4615|12.4615|12.6485|20181127|
UOBAM|UOBSHY|81510311.68|10.7446|10.8521|10.7446|10.7446|10.8521|20181127|
UOBAM|UOBSHY-A|90766736.35|10.7447|10.8522|10.7447|10.7447|10.8522|20181127|
UOBAM|UOBSJSM|8192625558.21|19.4637|19.7558|19.4637|19.4637|19.7558|20181127|
UOBAM|UOBSMG|1278988489.3|75.1955|75.9476|75.1955|75.1955|75.9476|20181128|
UOBAM|UOBSVRMF|300291788.84|13.474|13.4741|13.474|13.474|13.4741|20181128|
UOBAM|UPINCM|2420995061.75|10.2021|10.3042|10.2021|10.2021|10.3042|20181126|
UOBAM|USDHY-A|714735272.15|10.0917|10.1675|10.0917|10.0917|10.1675|20181127|
UOBAM|USDHY-N|786205.63|10.0918|10.1676|10.0918|10.0918|10.1676|20181127|
UOBAM|USHY|97220626.81|10.7804|10.8883|10.7804|10.7804|10.8883|20181127|
UOBAM|USHY-A|336642343.14|10.7804|10.8883|10.7804|10.7804|10.8883|20181127|
UOBAM|UTHAICG|1572938631.66|9.9309|10.0303|9.9309|9.9309|10.0303|20181128|
UOBAM|UTSME|655496364.28|15.138|15.2895|15.138|15.138|15.2895|20181128|
UOBAM|UTSME-LTF|284564017.63|10.0952|10.0953|10.0952|10.0952|10.0953|20181128|
UOBAM|UVO|111456640.98|9.6849|9.8303|9.6849|9.6849|9.8303|20181127|
UOBAM|VALUE-D LTF|5894653398.49|25.5353|25.5354|25.5353|25.5353|25.5354|20181128|
UOBAM|VFOCUS-D|3079488364.22|9.1474|9.239|9.1474|9.1474|9.239|20181128|
KTAM|KSET50LTF|1296803058.21|25.1457|25.1458|25.1457|25.1457|25.1458|20181128|
KTAM|KSLTF|160980274.79|21.6623|21.6624|21.6623|21.6623|21.6624|20181128|
KTAM|KSRMF|160947348.06|21.9009|21.901|21.9009|21.9009|21.901|20181128|
KTAM|KT25/75-A|3910632552.21|9.8857|9.9105|9.8857|9.8857|9.9105|20181128|
KTAM|KT25/75-R|1612273549.64|9.8853|9.9101|9.8853|9.8853|9.9101|20181128|
KTAM|KT25/75RMF|602407940.41|11.6671|11.6672|11.6671|11.6671|11.6672|20181128|
KTAM|KT-AASIA-A|1107889533.3|10.3616|10.5171|10.3616|10.3616|10.5171|20181127|
KTAM|KT-AGRI|6423346.2|8.6677|8.7978|8.6677|8.6677|8.7978|20181127|
KTAM|KT-ASEAN-A|335142597.57|11.2058|11.374|11.2058|11.2058|11.374|20181127|
KTAM|KT-BOND|25531743.26|11.0316|11.1144|11.0316|11.0316|11.1144|20181127|
KTAM|KT-BOND RMF|54824373.7|9.6581|9.6582|9.6581|9.6581|9.6582|20181127|
KTAM|KT-BRAIN RMF|10233747.81|10.1877|10.1878|10.1877|10.1877|10.1878|20181128|
KTAM|KT-BRAIN-A|478570924.55|9.5183|9.6136|9.5183|9.5183|9.6136|20181128|
KTAM|KTBTHAICG-A|798943586.95|10.1862|10.1965|10.176|10.176|10.1965|20181128|
KTAM|KT-CHINA RMF|134396997.79|8.2439|8.244|8.2439|8.2439|8.244|20181127|
KTAM|KT-CHINA-A|2355677430.54|9.8407|9.9884|9.8407|9.8407|9.9884|20181127|
KTAM|KT-CLMVT-A|1029678708.55|10.7242|10.8852|10.7242|10.7242|10.8852|20181128|
KTAM|KT-CLMVT-D|559576585.75|8.9244|9.0584|8.9244|8.9244|9.0584|20181128|
KTAM|KT-CSBOND-A|170104273.27|9.6448|9.7172|9.6448|9.6448|9.7172|20181127|
KTAM|KT-DHINCOME-A|199867731.88|9.5138|9.6566|9.5138|9.5138|9.6566|20181127|
KTAM|KTEF|3584894062.89|20.1405|20.2917|20.0398|20.0398|20.2917|20181128|
KTAM|KTEF-LTF|751006307.11|10.081|10.0811|10.081|10.081|10.0811|20181128|
KTAM|KTEF-RMF|385683146.35|8.8225|8.8226|8.8225|8.8225|8.8226|20181128|
KTAM|KT-ENERGY|113845232.69|8.362|8.4875|8.362|8.362|8.4875|20181127|
KTAM|KT-EURO|1805089968.05|11.698|11.8736|11.698|11.698|11.8736|20181127|
KTAM|KTFF176|2841761249.66|10.0941|10.0942|10.0941|10.0941|10.0942|20181128|
KTAM|KTFF185|10065386921.86|10.065|10.0651|10.065|10.065|10.0651|20181128|
KTAM|KTFF186|11140592142.85|10.088|10.0881|10.088|10.088|10.0881|20181128|
KTAM|KTFF188|3867122945.01|10.0844|10.0845|10.0844|10.0844|10.0845|20181128|
KTAM|KTFF189|7149768206.24|10.0839|10.084|10.0839|10.0839|10.084|20181128|
KTAM|KTFF190|2080863912.05|10.0659|10.066|10.0659|10.0659|10.066|20181128|
KTAM|KTFF191|11230032492.5|10.1113|10.1114|10.1113|10.1113|10.1114|20181128|
KTAM|KTFF192|729279501.46|10.0778|10.0779|10.0778|10.0778|10.0779|20181128|
KTAM|KTFF193|5545797519.75|10.1025|10.1026|10.1025|10.1025|10.1026|20181128|
KTAM|KTFF194|3041687419.26|10.0621|10.0622|10.0621|10.0621|10.0622|20181128|
KTAM|KTFF195|4326740348.39|10.0607|10.0608|10.0607|10.0607|10.0608|20181128|
KTAM|KTFF196|1372519987.39|10.0654|10.0655|10.0654|10.0654|10.0655|20181128|
KTAM|KTFF197|1495463417.51|10.0456|10.0457|10.0456|10.0456|10.0457|20181128|
KTAM|KTFF198|2736117688.35|10.0816|10.0817|10.0816|10.0816|10.0817|20181128|
KTAM|KTFF199|1035391759.31|10.0347|10.0348|10.0347|10.0347|10.0348|20181128|
KTAM|KTFF200|2109992630.36|10.0495|10.0496|10.0495|10.0495|10.0496|20181128|
KTAM|KTFF201|2832193082.86|10.0273|10.0274|10.0273|10.0273|10.0274|20181128|
KTAM|KTFF204|1465540371.44|10.0321|10.0322|10.0321|10.0321|10.0322|20181128|
KTAM|KTFF205|5797524408.23|10.0533|10.0534|10.0533|10.0533|10.0534|20181128|
KTAM|KTFF209|11051141758.25|10.0007|10.0008|10.0007|10.0007|10.0008|20181128|
KTAM|KTFF211|3495472672.11|9.9772|9.9773|9.9772|9.9772|9.9773|20181128|
KTAM|KT-FINANCE|1102405014.95|17.0022|17.2573|17.0022|17.0022|17.2573|20181127|
KTAM|KTFIX-1Y3Y|10483258281.21|11.1137|11.1138|11.1137|11.1137|11.1138|20181128|
KTAM|KTFIX3M1|498104172.5|11.8423|11.8424|11.8423|11.8423|11.8424|20181128|
KTAM|KTFIX3M2|190493425.66|11.7984|11.7985|11.7984|11.7984|11.7985|20181128|
KTAM|KTFIX3M3|170443823|11.753|11.7531|11.753|11.753|11.7531|20181128|
KTAM|KTFIXPLUS-A|789760364.57|12.0165|12.0166|12.0165|12.0165|12.0166|20181128|
KTAM|KTFIXPLUS-D|261258607.54|11.5784|11.5785|11.5784|11.5784|11.5785|20181128|
KTAM|KTFIXPLUS-I|287778.14|11.8647|11.8648|11.8647|11.8647|11.8648|20181128|
KTAM|KT-FLEX|499588883.13|10.5412|10.5677|10.5412|10.5412|10.5677|20181128|
KTAM|KT-GCINCOME-A|562031712.85|9.7008|9.7737|9.7008|9.7008|9.7737|20181127|
KTAM|KT-GCINCOME-R|3619405402.71|9.7004|9.7733|9.7004|9.7004|9.7733|20181127|
KTAM|KT-GMO-A|1702468481.29|10.6605|10.8205|10.6605|10.6605|10.8205|20181127|
KTAM|KT-GOI-A|109450240.95|9.5593|9.7028|9.5593|9.5593|9.7028|20181127|
KTAM|KT-GOLD|645633774.51|8.9307|8.9531|8.9084|8.9084|8.9531|20181128|
KTAM|KT-GOLD RMF|365356968.38|8.4577|8.4578|8.4577|8.4577|8.4578|20181128|
KTAM|KT-HEALTHC RMF|94414181.39|10.4939|10.494|10.4939|10.4939|10.494|20181127|
KTAM|KT-HEALTHCARE-A|219313148.19|10.7197|10.8806|10.7197|10.7197|10.8806|20181127|
KTAM|KT-HiDiv|632867647.01|11.348|11.4332|11.3196|11.3196|11.4332|20181128|
KTAM|KT-HiDiv RMF|720003140.07|14.0348|14.0349|14.0348|14.0348|14.0349|20181128|
KTAM|KT-IGF-A|230000804.54|11.6421|11.7586|11.6421|11.6421|11.7586|20181127|
KTAM|KT-IGF-R|711903704.26|11.6413|11.7578|11.6413|11.6413|11.7578|20181127|
KTAM|KTILB|74046869.56|11.5482|11.5483|11.4905|11.4905|11.5483|20181128|
KTAM|KTILF|184077330.17|10.375|10.3907|10.3698|10.3698|10.3907|20181128|
KTAM|KT-INDIA-A|1602007392.05|13.3423|13.5425|13.3423|13.3423|13.5425|20181127|
KTAM|KT-INDIA-D|180560782.16|11.0567|11.2227|11.0567|11.0567|11.2227|20181127|
KTAM|KT-JAPAN-A|563363800.38|10.9984|11.1635|10.9984|10.9984|11.1635|20181127|
KTAM|KT-JAPAN-D|41836704.18|10.5487|10.707|10.5487|10.5487|10.707|20181127|
KTAM|KTLF|5181303402.41|26.5195|26.5196|26.5195|26.5195|26.5196|20181128|
KTAM|KTLF70/30|5850732460.32|35.0848|35.0849|35.0848|35.0848|35.0849|20181128|
KTAM|KT-MAB-A|109297273.77|9.2303|9.2996|9.2303|9.2303|9.2996|20181126|
KTAM|KT-mai|37360626.53|8.3815|8.4654|8.3605|8.3605|8.4654|20181128|
KTAM|KTMEE-A|1175209793.48|9.2765|9.3262|9.2517|9.2517|9.3262|20181127|
KTAM|KTMEE-D|282899.62|9.2766|9.3263|9.2518|9.2518|9.3263|20181127|
KTAM|KT-MFB-A|23690823.45|9.9191|9.9688|9.9191|9.9191|9.9688|20181126|
KTAM|KT-MFE-A|51300556.32|8.8809|8.9698|8.8809|8.8809|8.9698|20181126|
KTAM|KT-MINING|29885428.47|4.7603|4.8318|4.7603|4.7603|4.8318|20181127|
KTAM|KTMSEQ|98595110.42|9.628|9.7244|9.6039|9.6039|9.7244|20181128|
KTAM|KTMUNG-A|772335829.74|8.8846|8.9322|8.8608|8.8608|8.9322|20181127|
KTAM|KTMUNG-D|606074.59|8.885|8.9326|8.8612|8.8612|8.9326|20181127|
KTAM|KT-OIL|206561934.06|2.7467|2.7495|2.7467|2.7467|2.7495|20181127|
KTAM|KTOIL5-1|8483381.94|6.4367|6.4368|6.4367|6.4367|6.4368|20181127|
KTAM|KT-OPP-A|303752034.94|15.7562|15.7878|15.7247|15.7247|15.7878|20181128|
KTAM|KT-OPP-D|153648422.67|12.0354|12.0596|12.0113|12.0113|12.0596|20181128|
KTAM|KT-PIF RMF|91989048.11|11.3552|11.3553|11.3552|11.3552|11.3553|20181128|
KTAM|KT-PIF-A|803652856.88|11.266|11.3224|11.266|11.266|11.3224|20181128|
KTAM|KT-PIF-D|569585292.49|10.1963|10.2474|10.1963|10.1963|10.2474|20181128|
KTAM|KTPLUS|53718466592.04|10.9864|10.9865|10.9864|10.9864|10.9865|20181128|
KTAM|KT-PRECIOUS|228714061.02|2.8739|2.9171|2.8739|2.8739|2.9171|20181127|
KTAM|KT-PROPERTY|160490503.98|11.7781|11.9549|11.7781|11.7781|11.9549|20181127|
KTAM|KT-PROPERTY RMF|96789797.05|12.9832|12.9833|12.9832|12.9832|12.9833|20181127|
KTAM|KTSE|3913029219.9|9.2816|9.3049|9.2816|9.2816|9.2817|20181128|
KTAM|KTSE-LTF|463974503.22|8.745|8.7451|8.745|8.745|8.7451|20181128|
KTAM|KTSE-RMF|818176546.5|11.5991|11.5992|11.5991|11.5991|11.5992|20181128|
KTAM|KT-SET50-A|1732534451.43|11.306|11.3174|11.2947|11.2947|11.3174|20181128|
KTAM|KTSET50RMF|381887107.7|11.8349|11.835|11.8349|11.8349|11.835|20181128|
KTAM|KTSF|1907421196.09|9.9387|9.9388|9.9387|9.9387|9.9388|20181128|
KTAM|KTSIV3M1|1059663243.6|12.1754|12.1755|12.1754|12.1754|12.1755|20181128|
KTAM|KTSIV3M2|584019964.53|12.1778|12.1779|12.1778|12.1778|12.1779|20181128|
KTAM|KTSIV3M3|1132632361.69|12.0512|12.0513|12.0512|12.0512|12.0513|20181128|
KTAM|KTSIV6M1|55938630.5|12.3492|12.3493|12.3492|12.3492|12.3493|20181128|
KTAM|KTSIV6M2|214177330.58|12.2784|12.2785|12.2784|12.2784|12.2785|20181128|
KTAM|KTSIV6M3|246465971.49|12.2093|12.2094|12.2093|12.2093|12.2094|20181128|
KTAM|KTSIV6M4|285308137.18|12.178|12.1781|12.178|12.178|12.1781|20181128|
KTAM|KTSIV6M5|275532014.03|12.1449|12.145|12.1449|12.1449|12.145|20181128|
KTAM|KTSRI-A|2711898306.13|9.7737|9.7999|9.7476|9.7476|9.7999|20181127|
KTAM|KTSRI-D|305793.62|9.7739|9.8001|9.7478|9.7478|9.8001|20181127|
KTAM|KTSS|16739337052.44|12.8829|12.883|12.8829|12.8829|12.883|20181128|
KTAM|KT-ST|15112959631.87|11.8093|11.8094|11.8093|11.8093|11.8094|20181128|
KTAM|KTSTPLUS-A|37122332778.87|10.3266|10.3267|10.3266|10.3266|10.3267|20181128|
KTAM|KTSUK-A|4055582155.49|9.9517|9.9784|9.9251|9.9251|9.9784|20181127|
KTAM|KTSUK-D|805222.15|9.9518|9.9785|9.9252|9.9252|9.9785|20181127|
KTAM|KTSUPAI1|2002220764.2|10.0134|10.0135|10.0134|10.0134|10.0135|20181128|
KTAM|KTSV|626601175.09|11.5015|11.5016|11.5015|11.5015|11.5016|20181128|
KTAM|KT-US-A|502204669.33|10.8859|11.0493|10.8859|10.8859|11.0493|20181127|
KTAM|KT-WCORP|202220917.5|11.2012|11.2853|11.2012|11.2012|11.2853|20181127|
KTAM|KT-WEQ|458090917.48|11.1375|11.3047|11.1375|11.1375|11.3047|20181127|
KTAM|KT-WEQ RMF|37592804.41|10.3715|10.3716|10.3715|10.3715|10.3716|20181127|
KTAM|KTWG-A|5755757163.57|10.0546|10.0547|10.0546|10.0546|10.0547|20181128|
KTAM|KTWP-A|1487418918.04|10.1192|10.1193|10.1192|10.1192|10.1193|20181128|
KTAM|KT-WTAI-A|1015787173.05|8.7838|8.9157|8.7838|8.7838|8.9157|20181127|
KTAM|RMF1|2046049101.89|56.1501|56.1502|56.1501|56.1501|56.1502|20181128|
KTAM|RMF2|1558863195.1|14.6614|14.6615|14.6614|14.6614|14.6615|20181128|
KTAM|RMF3|3192418881.96|13.8382|13.8383|13.8382|13.8382|13.8383|20181128|
KTAM|RMF4|657467608.54|11.491|11.4911|11.491|11.491|11.4911|20181128|
KTAM|TOF|1096922806.35|16.108|16.1081|16.108|16.108|16.1081|20181128|
MFC|I-CHIC|11769631.41|9.8177|9.916|9.8177|9.8177|9.916|20181126|
MFC|I-SMART|951021712.96|9.7885|9.7886|9.7885|9.7885|9.7886|20181126|
MFC|M-SMART INCOME-AC|2129367692.32|9.5196|9.6149|9.5196|9.5196|9.6149|20181126|
MFC|M-SMART INCOME-AR|198947396.75|9.5207|9.616|9.5207|9.5207|9.616|20181126|
MFC|M-SUKUK|81450906.37|9.933|9.9579|9.933|9.933|9.9579|20181126|
MFC|M-VI|168166904.42|9.2921|9.3851|9.2921|9.2921|9.3851|20181126|
MFC|GI5EM1|41448470.31|6.8814|6.8815|6.8814|6.8814|6.8815|20181127|
MFC|GI5EM2|27906529.51|9.0226|9.0227|9.0226|9.0226|9.0227|20181127|
MFC|I-ASEAN STAR 10|17224727.96|4.8718|4.8719|4.8718|4.8718|4.8719|20181127|
MFC|I-DEVELOP|80743770.48|10.0902|10.1912|10.0902|10.0902|10.1912|20181127|
MFC|I-GOLD|147622002.61|12.1154|12.1458|12.0972|12.0972|12.1458|20181127|
MFC|I-GOLD7S2|76272392.08|6.1526|6.1527|6.1526|6.1526|6.1527|20181127|
MFC|I-GOLD7S3|107105598.71|6.4012|6.4013|6.4012|6.4012|6.4013|20181127|
MFC|I-GOLDRMF|45272979.04|9.302|9.3021|9.288|9.302|9.3021|20181127|
MFC|I-OIL|33640750.98|4.0621|4.0866|4.058|4.058|4.0866|20181127|
MFC|I-OIL33S1|49652098.51|5.4266|5.4267|5.4266|5.4266|5.4267|20181127|
MFC|I-OIL5S2|29646850.78|5.745|5.7451|5.745|5.745|5.7451|20181127|
MFC|I-REITS|336366402.25|12.1676|12.3502|12.1676|12.1676|12.3502|20181127|
MFC|I-USS1|14191100.73|8.7165|8.7166|8.7165|8.7165|8.7166|20181127|
MFC|M-ATECH|57188648.07|9.9923|10.0923|9.9923|9.9923|10.0923|20181127|
MFC|M-FLEX|16400696.09|7.0143|7.0319|7.0143|7.0143|7.0319|20181127|
MFC|MGA|29437432.04|8.7002|8.7221|8.7002|8.7002|8.7221|20181127|
MFC|MGS|12640245.76|6.4977|6.5303|6.4977|6.4977|6.5303|20181127|
MFC|M-INCOMEAI|1310095233.42|10.1004|10.2015|10.1004|10.1004|10.2015|20181127|
MFC|M-INNO1|14017440.65|8.6005|8.6006|8.6005|8.6005|8.6006|20181127|
MFC|MULTI1|20938515.34|7.3525|7.3526|7.3525|7.3525|7.3526|20181127|
MFC|MWELL1|108801561.68|7.8615|7.8616|7.8615|7.8615|7.8616|20181127|
MFC|SI5E2|11175150.7|8.9922|8.9923|8.9922|8.9922|8.9923|20181127|
MFC|SI5E3|21544731.04|8.4146|8.4147|8.4146|8.4146|8.4147|20181127|
MFC|AGF|47373922.79|3.662|3.6804|3.662|3.662|3.6804|20181128|
MFC|BMBF|50728945.03|3.9528|3.9727|3.9528|3.9528|3.9727|20181128|
MFC|DE-1|50852080.16|6.4151|6.4473|6.4151|6.4151|6.4473|20181128|
MFC|HAPPY D5|7864697.22|8.8793|8.9016|8.8793|8.8793|8.9016|20181128|
MFC|HI-DIV|6380332336.04|9.1382|9.2297|9.1382|9.1382|9.2297|20181128|
MFC|HI-DIV LTF|83668915.9|9.7527|9.7528|9.7283|9.7527|9.7528|20181128|
MFC|HI-DIV PLUS|441519458.23|11.8355|11.954|11.8355|11.8355|11.954|20181128|
MFC|HI-DIV RMF|4565411.94|9.9992|9.9993|9.9992|9.9992|9.9993|20181128|
MFC|I-10|5867463.83|2.135|2.1351|2.135|2.135|2.1351|20181128|
MFC|I-15|12399917.15|8.8582|8.8583|8.8582|8.8582|8.8583|20181128|
MFC|I-20|27003927.79|7.92|7.9201|7.92|7.92|7.9201|20181128|
MFC|I-Emerging 10S2|42716816.3|7.1642|7.1643|7.1642|7.1642|7.1643|20181128|
MFC|KAF|7906985.59|18.4868|18.5793|18.4868|18.4868|18.5793|20181128|
MFC|M-ACTIVE|25148724.75|15.9229|15.9628|15.9229|15.9229|15.9628|20181128|
MFC|MA-LTF|130427611.28|32.8168|32.8169|32.7348|32.8168|32.8169|20181128|
MFC|M-BOND|34059972.93|12.9279|12.928|12.9279|12.9279|12.928|20181128|
MFC|M-BT|249284403.97|18.918|18.9654|18.8707|18.8707|18.9654|20181128|
MFC|MFF|247518907.99|20.3051|20.3052|20.3051|20.3051|20.3052|20181128|
MFC|M-FIX|163872589.13|13.7723|13.7724|13.7723|13.7723|13.7724|20181128|
MFC|MFX|14025997.01|31.1322|31.1634|31.1322|31.1322|31.1634|20181128|
MFC|MG-LTF|246935653.41|12.3868|12.3869|12.3558|12.3868|12.3869|20181128|
MFC|MIF|349766084.57|10.7065|10.7066|10.653|10.653|10.7066|20181128|
MFC|MIF-LTF|138045320.58|15.1018|15.1019|15.064|15.1018|15.1019|20181128|
MFC|MM-GOV|995524127.31|11.663|11.6631|11.663|11.663|11.6631|20181128|
MFC|M-MIDSMALL|121779262.33|11.306|11.4192|11.306|11.306|11.4192|20181128|
MFC|M-MIDSMALL LTF|55736975.53|8.1108|8.1109|8.0905|8.1108|8.1109|20181128|
MFC|MMM|3204909559.02|13.3525|13.3526|13.3525|13.3525|13.3526|20181128|
MFC|MMM-PLUS|3562925181.23|10.3729|10.373|10.3729|10.3729|10.373|20181128|
MFC|M-PROP DIV|3828283050.59|14.337|14.3729|14.337|14.337|14.3729|20181128|
MFC|M-PROP RMF|121837346.94|11.3993|11.3994|11.3993|11.3993|11.3994|20181128|
MFC|M-PROPERTY|2511997916.94|33.1791|33.2621|33.1791|33.1791|33.2621|20181128|
MFC|MRECO5|600459562|9.3622|9.3623|9.3622|9.3622|9.3623|20181128|
MFC|M-S50|1087189601.44|27.0023|27.0746|26.9301|26.9301|27.0746|20181128|
MFC|M-S50 LTF|31123064.98|9.5413|9.5414|9.5174|9.5413|9.5414|20181128|
MFC|M-S50 RMF|30028581.49|9.5139|9.514|9.5139|9.5139|9.514|20181128|
MFC|M-SAVING|253090066.1|12.6888|12.6889|12.6888|12.6888|12.6889|20181128|
MFC|M-SELECTCG|86611175.05|9.3352|9.4287|9.3352|9.3352|9.4287|20181128|
MFC|MSI23|588558545.33|10.5242|10.5243|10.5242|10.5242|10.5243|20181128|
MFC|M-TWSUK RMF|17956251.87|9.9843|9.9844|9.9843|9.9843|9.9844|20181128|
MFC|M-VALUE|1401003875.52|79.2135|79.2136|79.2135|79.2135|79.2136|20181128|
MFC|MV-LTF|2334988454.12|25.0777|25.0778|25.015|25.0777|25.0778|20181128|
MFC|Q-PORT|74335337.43|9.4075|9.4311|9.4075|9.4075|9.4311|20181128|
MFC|RPF2|212577687.12|25.9796|26.1096|25.9796|25.9796|26.1096|20181128|
MFC|RRF1|60177771.27|7.703|7.7416|7.703|7.703|7.7416|20181128|
MFC|SAN|125226003.19|18.5039|18.5965|18.5039|18.5039|18.5965|20181128|
MFC|SCDF|6292723.37|0.9496|0.9544|0.9496|0.9496|0.9544|20181128|
MFC|SCIF|135337965.12|3.1199|3.12|3.1199|3.1199|3.12|20181128|
MFC|SCIF2|32766911.43|2.0998|2.0999|2.0998|2.0998|2.0999|20181128|
MFC|SF4|88625575.71|19.995|20.0951|19.995|19.995|20.0951|20181128|
MFC|SF5|192583290|44.7018|44.9254|44.7018|44.7018|44.9254|20181128|
MFC|SF7|185803924.68|4.4624|4.4848|4.4624|4.4624|4.4848|20181128|
MFC|SF8|92326441.07|2.2308|2.2421|2.2308|2.2308|2.2421|20181128|
MFC|SI5A4|184724378.69|7.2434|7.2435|7.2434|7.2434|7.2435|20181128|
MFC|SMART|2682521817.85|10.0232|10.0233|10.0232|10.0232|10.0233|20181128|
MFC|SMO5A1|241250035.34|8.8523|8.8524|8.8523|8.8523|8.8524|20181128|
MFC|SPOT33S10|174591344.41|8.3915|8.3916|8.3915|8.3915|8.3916|20181128|
MFC|SPOT33S11|157124501.51|8.1558|8.1559|8.1558|8.1558|8.1559|20181128|
MFC|SPOT33S14|191913276.01|7.5478|7.5479|7.5478|7.5478|7.5479|20181128|
MFC|SPOT33S15|249910134.09|8.1263|8.1264|8.1263|8.1263|8.1264|20181128|
MFC|SPOT33S7|168731000.4|7.9811|7.9812|7.9811|7.9811|7.9812|20181128|
MFC|SPOT33S8|135485088.65|7.9591|7.9592|7.9591|7.9591|7.9592|20181128|
MFC|SPOT33S9|68173803.5|9.4659|9.466|9.4659|9.4659|9.466|20181128|
MFC|SSB|41709785.75|123.9267|123.9268|123.9267|123.9267|123.9268|20181128|
MFC|STD|122772405.43|3.8838|3.9033|3.8838|3.8838|3.9033|20181128|
MFC|STD2|69393613.91|4.2714|4.2929|4.2714|4.2714|4.2929|20181128|
MFC|THMO1|218165178.16|8.876|8.8761|8.876|8.876|8.8761|20181128|
MFC|TNP|198659166.64|40.6909|40.8945|40.6909|40.6909|40.8945|20181128|
MFC|TS|21562085.88|2.1064|2.117|2.1064|2.1064|2.117|20181128|
MFC|UNF|51530951.18|15.1981|15.2742|15.1981|15.1981|15.2742|20181128|